# [ph/s/.1%bw/mm^2] (C-aligned, inner loop is vs Photon Energy, outer loop vs Vertical Position)
#0.5 #Initial Photon Energy [eV]
#0.5 #Final Photon Energy [eV]
#1 #Number of points vs Photon Energy
#-0.006446153846153846 #Initial Horizontal Position [m]
#0.006584615384615385 #Final Horizontal Position [m]
#78 #Number of points vs Horizontal Position
#-0.0038252508361204 #Initial Vertical Position [m]
#0.003866459627329194 #Final Vertical Position [m]
#54 #Number of points vs Vertical Position
 3.91739559173584
 0.5645460486412048
 2.26155948638916
 4.346208095550537
 8.860054016113281
 10.600118637084961
 6.371922969818115
 1.2340779304504395
 7.040136814117432
 7.105958461761475
 1.183566927909851
 3.0817975997924805
 1.1723216772079468
 2.3992793560028076
 10.413058280944824
 2.2562358379364014
 0.49824878573417664
 2.806325674057007
 5.504188060760498
 48.123809814453125
 286.0407409667969
 1258.4212646484375
 4712.0634765625
 17737.923828125
 59183.5234375
 178996.4375
 504582.375
 1305789.0
 3101943.25
 6797944.0
 13746632.0
 25588816.0
 43883888.0
 69195648.0
 100807528.0
 135257888.0
 167084576.0
 190381936.0
 199807728.0
 193369888.0
 172313120.0
 141532832.0
 106961768.0
 74659792.0
 47980856.0
 28411004.0
 15525163.0
 7810646.0
 3607923.0
 1536294.875
 605032.125
 219671.09375
 73439.4765625
 22636.658203125
 6410.8896484375
 1784.6591796875
 461.3270568847656
 101.74464416503906
 21.396381378173828
 14.847420692443848
 11.892558097839355
 10.896252632141113
 7.652145862579346
 4.412696361541748
 10.977615356445312
 11.675620079040527
 9.586996078491211
 6.59365701675415
 3.9309091567993164
 5.466157913208008
 7.9073991775512695
 12.768104553222656
 10.322196006774902
 6.167409896850586
 5.7897491455078125
 7.25636100769043
 2.669241428375244
 6.501507759094238
 4.08650016784668
 9.99135971069336
 13.817839622497559
 11.91328239440918
 0.3716815710067749
 4.686872482299805
 17.583698272705078
 17.73353385925293
 25.24852752685547
 17.421329498291016
 5.644813060760498
 0.9157962203025818
 15.551074028015137
 11.31137466430664
 20.88260269165039
 6.215874671936035
 3.5630598068237305
 12.345024108886719
 61.981292724609375
 240.04185485839844
 1118.443603515625
 4880.2470703125
 20139.92578125
 73850.5390625
 243854.390625
 738241.5625
 2074697.375
 5365662.0
 12762076.0
 27928394.0
 56416860.0
 104960568.0
 179761040.0
 283903648.0
 413117472.0
 554073024.0
 684535296.0
 779684480.0
 818478080.0
 791478912.0
 705481920.0
 579286976.0
 438293920.0
 305804832.0
 196549264.0
 116448952.0
 63560624.0
 31968104.0
 14808259.0
 6323116.0
 2487321.75
 899946.3125
 301210.59375
 93901.9765625
 26802.4140625
 7223.62451171875
 1834.072021484375
 420.15667724609375
 98.36673736572266
 44.95732498168945
 37.24964904785156
 26.677059173583984
 12.353662490844727
 8.253251075744629
 9.273119926452637
 10.061348915100098
 5.746285438537598
 12.241249084472656
 10.7044038772583
 9.599064826965332
 9.973638534545898
 18.652711868286133
 16.470611572265625
 16.535024642944336
 12.11909294128418
 8.150838851928711
 5.132894992828369
 11.766748428344727
 3.6163201332092285
 9.197826385498047
 8.942641258239746
 16.357412338256836
 3.099388599395752
 12.776778221130371
 27.031932830810547
 19.94032096862793
 23.639883041381836
 10.58154010772705
 2.958733558654785
 1.666800856590271
 10.129755020141602
 4.784932613372803
 12.760391235351562
 3.1967830657958984
 3.369218349456787
 21.398414611816406
 221.71148681640625
 1067.183349609375
 4816.1669921875
 19917.6171875
 80021.65625
 288624.59375
 949609.125
 2879113.5
 8063284.0
 20819126.0
 49482112.0
 108283360.0
 218526432.0
 406245760.0
 696079104.0
 1099059840.0
 1599572864.0
 2145103360.0
 2650836992.0
 3019617280.0
 3168786176.0
 3064588288.0
 2731524352.0
 2243122688.0
 1697552640.0
 1184264832.0
 761203712.0
 450822784.0
 246078112.0
 123797040.0
 57388912.0
 24520824.0
 9654202.0
 3503381.5
 1171705.375
 362173.8125
 102600.859375
 26588.701171875
 6225.80126953125
 1305.385498046875
 248.53399658203125
 28.914152145385742
 12.652667999267578
 8.746085166931152
 2.7782959938049316
 2.219144582748413
 3.3439228534698486
 5.487674236297607
 1.8600318431854248
 9.466193199157715
 10.54098129272461
 9.360554695129395
 7.668623447418213
 11.180438995361328
 10.228448867797852
 8.70350456237793
 4.997603416442871
 7.367663383483887
 7.416386604309082
 9.302687644958496
 1.890936255455017
 1.0969171524047852
 0.49915412068367004
 10.068632125854492
 0.3445613980293274
 5.167067527770996
 8.849172592163086
 6.22752571105957
 25.46783447265625
 6.273889541625977
 0.0489765964448452
 0.6368387341499329
 7.810272693634033
 0.3811022639274597
 0.1371840089559555
 8.703789710998535
 29.387269973754883
 119.18022155761719
 782.5419921875
 4057.1796875
 18513.822265625
 76752.40625
 297659.75
 1059917.5
 3486399.0
 10586237.0
 29598532.0
 76305352.0
 181314976.0
 396990848.0
 800985152.0
 1489281024.0
 2551969536.0
 4029288192.0
 5863397376.0
 7862866432.0
 9717516288.0
 11067968512.0
 11615937536.0
 11233656832.0
 10011287552.0
 8222845952.0
 6223041536.0
 4340304384.0
 2789643520.0
 1652216576.0
 901737856.0
 453531616.0
 210237072.0
 89831944.0
 35372364.0
 12840704.0
 4296932.0
 1324912.625
 375642.53125
 98281.921875
 23843.16796875
 5495.67724609375
 1194.81103515625
 192.13284301757812
 21.724773406982422
 1.2742338180541992
 1.6701900959014893
 3.1280810832977295
 1.3885891437530518
 2.6820545196533203
 4.066112518310547
 8.585556030273438
 5.15955924987793
 5.276382923126221
 5.732614040374756
 9.294522285461426
 4.558594703674316
 8.710172653198242
 5.575976371765137
 9.98766040802002
 11.058890342712402
 8.724884033203125
 0.930878758430481
 4.56046199798584
 0.8862960934638977
 3.0131287574768066
 3.894637107849121
 13.184271812438965
 15.063624382019043
 3.073375940322876
 16.28022003173828
 1.0225927829742432
 3.80601167678833
 3.498150587081909
 4.271335601806641
 0.910051703453064
 4.077506065368652
 28.959423065185547
 119.08180236816406
 584.8406982421875
 3002.1064453125
 14441.57421875
 64247.43359375
 268354.59375
 1033794.75
 3677396.0
 12096108.0
 36720248.0
 102662160.0
 264624048.0
 628848896.0
 1377100800.0
 2778775040.0
 5166713856.0
 8854847488.0
 13984009216.0
 20349937664.0
 27289901056.0
 33724872704.0
 38408982528.0
 40311111680.0
 38985666560.0
 34744500224.0
 28536582144.0
 21595918336.0
 15061125120.0
 9680031744.0
 5733321728.0
 3129124864.0
 1574009088.0
 729586816.0
 311609632.0
 122661312.0
 44513456.0
 14884510.0
 4584550.0
 1303144.75
 343050.34375
 83372.171875
 19164.421875
 4150.5556640625
 786.1228637695312
 129.77418518066406
 27.411643981933594
 11.264627456665039
 9.027215957641602
 4.458566665649414
 1.5968084335327148
 8.148064613342285
 8.71945858001709
 1.8972572088241577
 4.03478479385376
 3.839360237121582
 4.40613317489624
 3.8403844833374023
 2.748793601989746
 0.7646222114562988
 4.000356197357178
 10.389892578125
 8.569886207580566
 0.25228151679039
 5.959840297698975
 2.4404988288879395
 2.411250591278076
 3.517664909362793
 9.29517936706543
 8.569646835327148
 0.10206665098667145
 16.254053115844727
 0.39794695377349854
 2.3085594177246094
 0.955234169960022
 0.9554060101509094
 5.586030006408691
 10.751684188842773
 47.571895599365234
 334.9012145996094
 1871.0189208984375
 9419.404296875
 45627.27734375
 206004.828125
 869978.75
 3371541.5
 12043811.0
 39690020.0
 120527456.0
 337192128.0
 869447168.0
 2066184576.0
 4525059072.0
 9131655168.0
 16981032960.0
 29100220416.0
 45956280320.0
 66879692800.0
 89694306304.0
 110840668160.0
 126228496384.0
 132478263296.0
 128125018112.0
 114181586944.0
 93778698240.0
 70975709184.0
 49501847552.0
 31814264832.0
 18842449920.0
 10284284928.0
 5172859904.0
 2397593600.0
 1023984320.0
 403007552.0
 146169232.0
 48847976.0
 15041358.0
 4274481.0
 1121354.625
 270702.0625
 61326.84375
 13195.6630859375
 2682.060546875
 501.7385559082031
 109.56755065917969
 26.855361938476562
 3.004218578338623
 1.431354284286499
 3.5320374965667725
 5.015813827514648
 10.28088092803955
 6.473228454589844
 10.312231063842773
 10.237513542175293
 9.389182090759277
 7.914741516113281
 3.3131465911865234
 0.7675526142120361
 2.3811228275299072
 10.150537490844727
 8.16466236114502
 0.6998376846313477
 4.083362579345703
 1.8677011728286743
 4.813741683959961
 3.367015838623047
 4.188723087310791
 1.8801695108413696
 1.891718864440918
 23.352609634399414
 2.1828207969665527
 4.485799789428711
 5.569866180419922
 15.748265266418457
 17.57691192626953
 46.19575881958008
 183.33078002929688
 1084.355712890625
 5708.86376953125
 29020.072265625
 141362.4375
 640431.5
 2699298.5
 10478503.0
 37472792.0
 123527152.0
 375141952.0
 1049695104.0
 2706711296.0
 6431739904.0
 14084708352.0
 28422758400.0
 52854603776.0
 90573996032.0
 143033974784.0
 208151003136.0
 279147151360.0
 344973901824.0
 392867676160.0
 412303163392.0
 398751760384.0
 355373154304.0
 291865427968.0
 220898361344.0
 154065747968.0
 99023208448.0
 58648924160.0
 32011972608.0
 16101492736.0
 7463077888.0
 3187586560.0
 1254695936.0
 455070720.0
 152101936.0
 46849368.0
 13306792.0
 3482870.25
 839739.75
 187807.859375
 39645.65625
 8182.9287109375
 1655.228271484375
 371.7808837890625
 102.00009155273438
 26.99164581298828
 14.428160667419434
 11.742003440856934
 8.117178916931152
 17.168319702148438
 9.906219482421875
 16.27821922302246
 30.743162155151367
 33.35651397705078
 20.237653732299805
 13.175464630126953
 7.475122451782227
 7.299771785736084
 20.278789520263672
 19.980052947998047
 0.6702620983123779
 9.57077407836914
 8.35126781463623
 9.903915405273438
 5.203591823577881
 3.0040247440338135
 2.519974946975708
 0.4578511118888855
 12.852993965148926
 1.1023212671279907
 9.35268497467041
 4.509740829467773
 12.80497932434082
 21.48980712890625
 103.06959533691406
 514.904052734375
 2941.195068359375
 15798.9873046875
 83267.484375
 412935.28125
 1888698.5
 7959800.5
 30897550.0
 110473968.0
 364140480.0
 1105867904.0
 3094451968.0
 7979097088.0
 18959980544.0
 41517793280.0
 83780403200.0
 155796275200.0
 266979885056.0
 421609209856.0
 613552160768.0
 822811492352.0
 1016848973824.0
 1158024921088.0
 1215315050496.0
 1175353163776.0
 1047511302144.0
 860311519232.0
 651125784576.0
 454125944832.0
 291876896768.0
 172875759616.0
 94357225472.0
 47458996224.0
 21997537280.0
 9396002816.0
 3698432000.0
 1341386112.0
 448359584.0
 138103712.0
 39195036.0
 10238439.0
 2463414.5
 544118.9375
 110605.90625
 21026.080078125
 3624.03369140625
 549.5994873046875
 82.6645736694336
 8.498478889465332
 1.371026635169983
 4.865495204925537
 29.238435745239258
 25.48859405517578
 3.081437110900879
 1.636986255645752
 7.347611904144287
 7.35839319229126
 5.588818073272705
 4.304919242858887
 2.842360019683838
 1.1199214458465576
 12.401365280151367
 12.041186332702637
 0.4018694758415222
 5.774735927581787
 5.117363452911377
 4.970251083374023
 0.9466609358787537
 0.33709287643432617
 0.963466227054596
 3.2344813346862793
 13.294897079467773
 0.35909637808799744
 4.0755133628845215
 7.6758246421813965
 14.145546913146973
 23.185546875
 184.48573303222656
 1225.8740234375
 7548.3408203125
 42849.453125
 231033.890625
 1151882.125
 5276273.5
 22222614.0
 86263280.0
 308454304.0
 1016498304.0
 3086788608.0
 8637694976.0
 22273335296.0
 52926464000.0
 115896459264.0
 233870426112.0
 434904268800.0
 745275064320.0
 1176923537408.0
 1712731586560.0
 2296856182784.0
 2838526951424.0
 3232621395968.0
 3392558071808.0
 3281023139840.0
 2924130074624.0
 2401559904256.0
 1817614483456.0
 1267699679232.0
 814769766400.0
 482575843328.0
 263394525184.0
 132481507328.0
 61406109696.0
 26228711424.0
 10324149248.0
 3744810496.0
 1251798912.0
 385629760.0
 109478344.0
 28628030.0
 6901606.0
 1526070.5
 308352.4375
 57469.328125
 9921.234375
 1624.7222900390625
 308.0043029785156
 65.93868255615234
 11.062151908874512
 4.581715106964111
 19.909038543701172
 10.179438591003418
 1.87934148311615
 0.5438559055328369
 4.046485424041748
 5.327907562255859
 4.200288772583008
 6.043864727020264
 4.653744220733643
 3.1602423191070557
 7.907070159912109
 2.865109920501709
 2.186985969543457
 3.6633312702178955
 6.0820417404174805
 14.046419143676758
 6.546640872955322
 4.873924255371094
 1.1006221771240234
 0.08777154982089996
 12.472938537597656
 3.313410997390747
 16.649978637695312
 15.362130165100098
 22.626901626586914
 41.3525390625
 428.83306884765625
 3065.23388671875
 19301.7890625
 113302.375
 613618.375
 3050949.5
 13960001.0
 58789528.0
 228120096.0
 815571968.0
 2687321088.0
 8160418304.0
 22834864128.0
 58882183168.0
 139919851520.0
 306393841664.0
 618276585472.0
 1149734748160.0
 1970256347136.0
 3111408107520.0
 4527867559936.0
 6072106483712.0
 7504088006656.0
 8545952071680.0
 8968779857920.0
 8673869430784.0
 7730393776128.0
 6348904333312.0
 4805118918656.0
 3351320461312.0
 2153968173056.0
 1275768209408.0
 696321966080.0
 350230478848.0
 162332966912.0
 69337841664.0
 27292553216.0
 9899795456.0
 3309353728.0
 1019534912.0
 289440064.0
 75726472.0
 18279906.0
 4059229.0
 824906.375
 154052.71875
 26631.666015625
 4277.4599609375
 728.668701171875
 166.58987426757812
 41.71421813964844
 19.900936126708984
 23.914743423461914
 3.834639549255371
 3.247267723083496
 5.850009918212891
 10.323782920837402
 15.353141784667969
 18.615304946899414
 18.132671356201172
 14.842958450317383
 1.4215385913848877
 2.9112415313720703
 5.872393608093262
 1.1034750938415527
 3.5225911140441895
 6.2177886962890625
 11.558904647827148
 3.3413805961608887
 0.89561927318573
 1.0262033939361572
 2.593602418899536
 5.620114326477051
 3.3771374225616455
 19.239505767822266
 10.754508972167969
 12.07489013671875
 89.26374053955078
 1060.60791015625
 7781.04248046875
 48807.20703125
 286854.3125
 1546051.25
 7658246.0
 34973820.0
 147223136.0
 571143424.0
 2042017920.0
 6728193024.0
 20430487552.0
 57169080320.0
 147416416256.0
 350299521024.0
 767078432768.0
 1547905925120.0
 2878449647616.0
 4932674519040.0
 7789591658496.0
 11335845806080.0
 15201962295296.0
 18786950316032.0
 21395358613504.0
 22453833170944.0
 21715618889728.0
 19353649020928.0
 15894964076544.0
 12029965369344.0
 8390309314560.0
 5392614031360.0
 3193958825984.0
 1743280144384.0
 876826656768.0
 406412263424.0
 173591216128.0
 68327624704.0
 24784427008.0
 8284535296.0
 2551941888.0
 724378624.0
 189511520.0
 45720236.0
 10164920.0
 2074602.375
 388116.0
 66561.9453125
 10277.166015625
 1366.6611328125
 155.00013732910156
 12.005194664001465
 16.119613647460938
 37.05827331542969
 20.251253128051758
 7.034267902374268
 3.122370958328247
 5.347797393798828
 3.041962146759033
 1.031367540359497
 1.5586360692977905
 1.3747786283493042
 0.834212064743042
 2.4538657665252686
 1.982292890548706
 0.086667500436306
 0.24894419312477112
 0.2440081536769867
 0.10880434513092041
 0.9442906975746155
 1.9262712001800537
 0.9492673277854919
 4.821091651916504
 1.7230899333953857
 5.124564170837402
 3.3892579078674316
 1.2892487049102783
 14.53316879272461
 258.0216979980469
 2419.69970703125
 18326.880859375
 116822.578125
 682913.5625
 3664044.5
 18143932.0
 82884504.0
 348985088.0
 1353946880.0
 4841358848.0
 15952287744.0
 48439140352.0
 135543021568.0
 349510828032.0
 830526914560.0
 1818664108032.0
 3669934997504.0
 6824542076928.0
 11694895005696.0
 18468321624064.0
 26876120662016.0
 36042384080896.0
 44542015307776.0
 50726365560832.0
 53236031553536.0
 51485647831040.0
 45885564125184.0
 37685381038080.0
 28521902637056.0
 19892625473536.0
 12785385734144.0
 7572578369536.0
 4133160222720.0
 2078877679616.0
 963564535808.0
 411567456256.0
 161998143488.0
 58760929280.0
 19641042944.0
 6049773568.0
 1717103104.0
 449163232.0
 108301760.0
 24087910.0
 4930989.0
 926490.8125
 159714.84375
 24702.90234375
 3075.55615234375
 248.4894256591797
 7.12318229675293
 3.924984931945801
 10.99059772491455
 10.42451286315918
 8.941900253295898
 6.945491790771484
 24.76918601989746
 17.771747589111328
 2.1619958877563477
 1.3793878555297852
 3.1280436515808105
 9.700666427612305
 7.59466552734375
 1.6871734857559204
 0.11092457175254822
 0.8863438963890076
 0.06275627017021179
 0.13368605077266693
 3.3280138969421387
 3.2931699752807617
 1.5037099123001099
 8.199207305908203
 4.2685394287109375
 8.062644004821777
 1.646496057510376
 7.861017227172852
 63.34278869628906
 671.6524658203125
 5613.7890625
 41213.7421875
 261265.4375
 1528436.5
 8219003.0
 40723424.0
 186027040.0
 783377280.0
 3039675904.0
 10869836800.0
 35817410560.0
 108759990272.0
 304332832768.0
 784749821952.0
 1864762392576.0
 4083408175104.0
 8240049946624.0
 15323036123136.0
 26258364694528.0
 41466722254848.0
 60344626053120.0
 80925522132992.0
 100009487892480.0
 113895318487040.0
 119530256859136.0
 115600252731392.0
 103026266210304.0
 84614580273152.0
 64039807877120.0
 44664623202304.0
 28706881929216.0
 17002640965632.0
 9280134578176.0
 4667663712256.0
 2163482820608.0
 924088926208.0
 363732140032.0
 131934437376.0
 44099821568.0
 13583506432.0
 3855406080.0
 1008506752.0
 243116768.0
 54048840.0
 11077474.0
 2094569.5
 367262.625
 59118.20703125
 8179.2900390625
 882.9617919921875
 63.3336181640625
 15.870277404785156
 21.54970932006836
 5.352648735046387
 1.0301933288574219
 2.319201707839966
 8.384501457214355
 4.578690528869629
 7.452983379364014
 3.478342056274414
 4.160784721374512
 0.9219797253608704
 0.9555622935295105
 5.992552280426025
 1.681577205657959
 3.452280044555664
 2.735929012298584
 2.3426764011383057
 4.869408130645752
 1.1677865982055664
 0.0986529141664505
 3.8397815227508545
 2.986562490463257
 5.154018878936768
 0.7150358557701111
 17.27371597290039
 164.3043670654297
 1617.9912109375
 12479.365234375
 88398.1875
 557323.75
 3247570.25
 17457894.0
 86560928.0
 395562112.0
 1665792896.0
 6463570944.0
 23113197568.0
 76160671744.0
 231261241344.0
 647112884224.0
 1668641980416.0
 3965108879360.0
 8682685857792.0
 17521094688768.0
 32581900828672.0
 55834126057472.0
 88172079874048.0
 128312944885760.0
 172075096473600.0
 212653997817856.0
 242179649830912.0
 254161450958848.0
 245804820332544.0
 219068464365568.0
 179919032156160.0
 136170243620864.0
 94972112011264.0
 61040511418368.0
 36153319227392.0
 19732677787648.0
 9925024546816.0
 4600292704256.0
 1964928401408.0
 773417861120.0
 280536481792.0
 93771251712.0
 28883419136.0
 8198072832.0
 2144308608.0
 516815264.0
 114838720.0
 23534424.0
 4452452.0
 781217.9375
 126683.765625
 18487.970703125
 2453.478271484375
 319.9845886230469
 41.86771774291992
 22.730857849121094
 19.926668167114258
 7.6347174644470215
 4.513550281524658
 8.299053192138672
 3.3150875568389893
 2.1686530113220215
 4.143187522888184
 5.859494209289551
 6.071528911590576
 4.0872802734375
 5.386221885681152
 3.016941547393799
 6.315877914428711
 2.722101926803589
 1.8983088731765747
 3.042686939239502
 0.1462632566690445
 1.3037517070770264
 1.2158286571502686
 1.650180459022522
 1.6445988416671753
 0.789078950881958
 20.644319534301758
 355.28253173828125
 3453.653564453125
 25604.376953125
 177446.25
 1119772.25
 6529251.0
 35133608.0
 174305456.0
 796607040.0
 3354413312.0
 13015771136.0
 46542917632.0
 153363955712.0
 465686462464.0
 1303077978112.0
 3360114343936.0
 7984465313792.0
 17484172230656.0
 35281944182784.0
 65609622618112.0
 112432244588544.0
 177550592573440.0
 258381642203136.0
 346504942321664.0
 428218104414208.0
 487673470910464.0
 511801724764160.0
 494973707354112.0
 441134547468288.0
 362299986542592.0
 274203932622848.0
 191243921391616.0
 122916310089728.0
 72801331445760.0
 39735347118080.0
 19985869045760.0
 9263534571520.0
 3956743077888.0
 1557419261952.0
 564911603712.0
 188826517504.0
 58163572736.0
 16509526016.0
 4318233600.0
 1040696128.0
 231153472.0
 47341224.0
 8943735.0
 1563767.5
 253467.015625
 37838.2265625
 5341.2216796875
 765.642822265625
 82.16194152832031
 6.365232467651367
 5.234886169433594
 10.28103256225586
 12.406116485595703
 29.782899856567383
 17.309717178344727
 11.46093463897705
 15.555863380432129
 13.91400146484375
 11.346750259399414
 6.693272113800049
 6.301338195800781
 2.7092599868774414
 9.318268775939941
 1.3660242557525635
 1.9491056203842163
 3.0510127544403076
 1.3771361112594604
 0.4050043821334839
 7.570145130157471
 0.10571326315402985
 4.722915172576904
 5.836883544921875
 122.76512908935547
 1044.257568359375
 7403.10546875
 50348.29296875
 339692.125
 2138941.5
 12463608.0
 67027612.0
 332437184.0
 1519150592.0
 6396771840.0
 24821227520.0
 88756813824.0
 292462493696.0
 888056184832.0
 2484949483520.0
 6407698513920.0
 15226291355648.0
 33342187634688.0
 67282449465344.0
 125117237559296.0
 214407686651904.0
 338588042526720.0
 492732741058560.0
 660783469953024.0
 816610453487616.0
 929991818739712.0
 976003803381760.0
 943913418358784.0
 841242023821312.0
 690904478253056.0
 522905725173760.0
 364701108142080.0
 234400692305920.0
 138831655337984.0
 75775025872896.0
 38112872890368.0
 17665485701120.0
 7545481592832.0
 2969989283840.0
 1077282340864.0
 360089780224.0
 110917500928.0
 31484258304.0
 8235349504.0
 1984932224.0
 440824576.0
 90229312.0
 17023346.0
 2969124.0
 481134.375
 72496.828125
 10285.09375
 1441.218505859375
 162.4336700439453
 16.182849884033203
 3.4888556003570557
 6.545858860015869
 4.623935222625732
 6.023015022277832
 0.38347548246383667
 1.5032520294189453
 1.4982717037200928
 2.554570198059082
 1.949985384941101
 0.8276528120040894
 5.969389915466309
 4.568162441253662
 6.539490699768066
 3.209942579269409
 10.145509719848633
 8.906007766723633
 2.21844744682312
 2.2284226417541504
 15.358367919921875
 6.808829307556152
 22.122724533081055
 54.888389587402344
 315.31781005859375
 1976.525146484375
 13518.685546875
 92426.703125
 615893.375
 3860784.0
 22496512.0
 121065072.0
 600532992.0
 2743954432.0
 11552952320.0
 44827398144.0
 160291717120.0
 528173957120.0
 1603790700544.0
 4487719682048.0
 11572050132992.0
 27498062544896.0
 60214606823424.0
 121509322424320.0
 225956635607040.0
 387211568611328.0
 611476708524032.0
 889855148032000.0
 1193348610129920.0
 1474766141652992.0
 1679528439054336.0
 1762624245071872.0
 1704670640734208.0
 1519249923244032.0
 1247746786852864.0
 944347075837952.0
 658635650760704.0
 423318016491520.0
 250724252385280.0
 136846633861120.0
 68830256693248.0
 31903067406336.0
 13626769408000.0
 5363651837952.0
 1945520832512.0
 650304159744.0
 200309620736.0
 56857387008.0
 14871687168.0
 3584475648.0
 796036992.0
 162910528.0
 30707304.0
 5335079.0
 858491.5
 129378.578125
 18753.232421875
 2746.75146484375
 332.6278381347656
 27.12169647216797
 4.451192855834961
 8.543355941772461
 11.318592071533203
 5.888570785522461
 1.2467389106750488
 0.9719589948654175
 1.6197896003723145
 2.5243313312530518
 8.169462203979492
 9.34442138671875
 0.5595159530639648
 1.0033618211746216
 5.9701666831970215
 0.7761279344558716
 7.44875431060791
 8.794995307922363
 4.262785911560059
 4.4089250564575195
 2.044851064682007
 6.071135520935059
 1.025305986404419
 24.39748191833496
 388.47235107421875
 3065.30810546875
 21844.853515625
 154571.1875
 1046563.0625
 6593185.5
 38452308.0
 207003120.0
 1026985280.0
 4692689920.0
 19758102528.0
 76666617856.0
 274141249536.0
 903318470656.0
 2742911762432.0
 7675208269824.0
 19791341420544.0
 47029157888000.0
 102983358480384.0
 207814022660096.0
 386447601303552.0
 662237786144768.0
 1045792190103552.0
 1521896025751552.0
 2040952621367296.0
 2522253367443456.0
 2872452384292864.0
 3014569630892032.0
 2915453059989504.0
 2598332002205696.0
 2133987787014144.0
 1615092386889728.0
 1126447246737408.0
 723989685075968.0
 428807253131264.0
 234045166321664.0
 117718552412160.0
 54562979315712.0
 23305501278208.0
 9173307752448.0
 3327372296192.0
 1112200052736.0
 342585901056.0
 97242513408.0
 25435394048.0
 6131092992.0
 1361720192.0
 278687360.0
 52519116.0
 9109908.0
 1457573.5
 216742.96875
 30416.609375
 4199.1982421875
 503.3043518066406
 56.39406204223633
 3.7229738235473633
 2.711812973022461
 0.0703262984752655
 9.93314266204834
 8.32602310180664
 1.4158047437667847
 0.6409802436828613
 1.6854655742645264
 14.74122428894043
 32.01385498046875
 20.574989318847656
 2.869966506958008
 1.7365832328796387
 5.985727310180664
 9.22210693359375
 6.3037919998168945
 14.75893783569336
 13.120973587036133
 0.10049010068178177
 5.427875995635986
 2.5127220153808594
 37.008270263671875
 554.8829956054688
 4908.4482421875
 35917.9296875
 251943.0625
 1694858.75
 10680338.0
 62314016.0
 335368832.0
 1663431936.0
 7600596480.0
 32001669120.0
 124173967360.0
 444012920832.0
 1463067344896.0
 4442583203840.0
 12431209267200.0
 32055173840896.0
 76171203051520.0
 166798141947904.0
 336588164825088.0
 625913234456576.0
 1072599966679040.0
 1693827995795456.0
 2464955550924800.0
 3305649228218368.0
 4085194650812416.0
 4652397158727680.0
 4882579488505856.0
 4722043274657792.0
 4208414846615552.0
 3456335739879424.0
 2615901102800896.0
 1824461305151488.0
 1172616668774400.0
 694521511804928.0
 379073478000640.0
 190663966588928.0
 88373456797696.0
 37746991169536.0
 14857633005568.0
 5389207207936.0
 1801386983424.0
 554870702080.0
 157496786944.0
 41196224512.0
 9930880000.0
 2205814272.0
 451379264.0
 85043344.0
 14753255.0
 2360104.5
 349629.75
 48225.1953125
 6381.62744140625
 740.802978515625
 89.29435729980469
 18.105655670166016
 12.292789459228516
 5.935388088226318
 0.17059946060180664
 10.232680320739746
 5.23176383972168
 4.073713302612305
 1.761865496635437
 11.33857536315918
 19.350257873535156
 8.454198837280273
 7.961589813232422
 0.40527957677841187
 13.478885650634766
 21.95991325378418
 2.899195432662964
 20.842052459716797
 20.169782638549805
 0.13428129255771637
 10.335248947143555
 24.013797760009766
 71.50576782226562
 723.8455810546875
 6962.4052734375
 54141.421875
 384429.625
 2590066.75
 16357185.0
 95558640.0
 514480512.0
 2551700992.0
 11658454016.0
 49085440000.0
 190462509056.0
 681045655552.0
 2244117528576.0
 6814229331968.0
 19067545059328.0
 49167711862784.0
 116834871279616.0
 255842427338752.0
 516274262114304.0
 960054912090112.0
 1645204402601984.0
 2598070814507008.0
 3780862395023360.0
 5070357606170624.0
 6266058247766016.0
 7136064539983872.0
 7489123736616960.0
 7242886819086336.0
 6455066336690176.0
 5301488586850304.0
 4012388781129728.0
 2798443118460928.0
 1798614191964160.0
 1065288791490560.0
 581440056066048.0
 292449087913984.0
 135551281790976.0
 57898000449536.0
 22789289410560.0
 8266197237760.0
 2763032363008.0
 851080511488.0
 241576689664.0
 63189278720.0
 15231971328.0
 3383161088.0
 692397760.0
 130536616.0
 22691680.0
 3648720.25
 544062.5625
 74585.0859375
 9779.3515625
 1314.5106201171875
 201.36724853515625
 17.470701217651367
 14.699176788330078
 19.447416305541992
 12.872574806213379
 1.490777611732483
 2.946723461151123
 4.563471794128418
 2.6613988876342773
 23.804637908935547
 41.98497772216797
 11.603294372558594
 3.1422979831695557
 1.9069757461547852
 6.048281192779541
 23.764726638793945
 5.0359015464782715
 13.229076385498047
 24.97216796875
 8.552749633789062
 0.309980571269989
 3.263260841369629
 52.3327751159668
 779.4339599609375
 8789.40234375
 74362.296875
 547065.5625
 3735770.25
 23718654.0
 138754288.0
 747082496.0
 3705315328.0
 16932044800.0
 71297777664.0
 276659699712.0
 989263429632.0
 3259732852736.0
 9898166321152.0
 27697057103872.0
 71419895480320.0
 169711690055680.0
 371631037874176.0
 749928334753792.0
 1394554540392448.0
 2389787449229312.0
 3773902400520192.0
 5491998303715328.0
 7365093671043072.0
 9101943012065280.0
 1.0365693115498496e+16
 1.0878543349153792e+16
 1.052086062022656e+16
 9376488059043840.0
 7700826969604096.0
 5828309275377664.0
 4064955691171840.0
 2612626995544064.0
 1547415245029376.0
 844586863820800.0
 424805014700032.0
 196898581381120.0
 84101348458496.0
 33103231844352.0
 12007269990400.0
 4013500661760.0
 1236259831808.0
 350911692800.0
 91787673600.0
 22125258752.0
 4914728960.0
 1006190080.0
 189751856.0
 32962084.0
 5284453.0
 783842.375
 107162.2734375
 14228.0458984375
 2010.6920166015625
 331.15704345703125
 56.174686431884766
 30.608707427978516
 17.57677459716797
 32.618282318115234
 38.28458786010742
 16.134065628051758
 24.996780395507812
 29.7417049407959
 26.24536895751953
 29.75566291809082
 9.44476318359375
 5.779415607452393
 16.861774444580078
 22.745258331298828
 37.19180679321289
 14.541059494018555
 4.9705729484558105
 8.653493881225586
 15.001933097839355
 18.045133590698242
 5.713428974151611
 54.81524658203125
 1086.1241455078125
 11595.30078125
 100682.0
 753681.6875
 5151571.5
 32656450.0
 190948944.0
 1027907456.0
 5096950784.0
 23290380288.0
 98076147712.0
 380578070528.0
 1360849141760.0
 4484144037888.0
 13616080224256.0
 38100524859392.0
 98246336708608.0
 233458181865472.0
 511221635743744.0
 1031613697753088.0
 1918371973038080.0
 3287429708513280.0
 5191442934792192.0
 7554881296531456.0
 1.0131546530906112e+16
 1.2520787445547008e+16
 1.4259222703243264e+16
 1.4964703293865984e+16
 1.447267613540352e+16
 1.2898454657302528e+16
 1.0593383290503168e+16
 8017519067529216.0
 5591822470479872.0
 3593972261847040.0
 2128649679536128.0
 1161827710926848.0
 584368619782144.0
 270856961916928.0
 115691185242112.0
 45537298481152.0
 16517420810240.0
 5521073504256.0
 1700634165248.0
 482719858688.0
 126265327616.0
 30437470208.0
 6761420800.0
 1384130304.0
 261044608.0
 45388672.0
 7283342.0
 1079986.625
 149181.90625
 20558.6015625
 2992.24267578125
 446.4627380371094
 66.30361938476562
 22.73463249206543
 3.3479743003845215
 9.639348030090332
 40.19023895263672
 20.798376083374023
 6.231353759765625
 0.17459648847579956
 7.878434658050537
 38.40297317504883
 10.094653129577637
 12.160969734191895
 16.164443969726562
 18.983007431030273
 29.1890869140625
 21.51218032836914
 20.373374938964844
 2.7967910766601562
 1.3146260976791382
 9.806901931762695
 43.123741149902344
 189.88633728027344
 1542.5643310546875
 15444.9560546875
 132838.53125
 990070.75
 6748590.5
 42631260.0
 248800896.0
 1339080192.0
 6640709120.0
 30343923712.0
 127769812992.0
 495789178880.0
 1772820627456.0
 5841650450432.0
 17738122657792.0
 49634756001792.0
 127988649689088.0
 304133278007296.0
 665984809566208.0
 1343916204883968.0
 2499124431683584.0
 4282639129247744.0
 6763058441486336.0
 9841989499486208.0
 1.3198687903678464e+16
 1.6311231375736832e+16
 1.8575944008597504e+16
 1.9495002585432064e+16
 1.8854019518693376e+16
 1.6803233838137344e+16
 1.3800344102371328e+16
 1.0444680785297408e+16
 7284648933588992.0
 4681982504075264.0
 2773060667047936.0
 1513550233206784.0
 761275906785280.0
 352854111944704.0
 150714630275072.0
 59322931347456.0
 21517781958656.0
 7192484249600.0
 2215475412992.0
 628860583936.0
 164492607488.0
 39651459072.0
 8807664640.0
 1802967168.0
 340109440.0
 59167712.0
 9498842.0
 1405447.625
 191552.5625
 25327.65625
 3551.460693359375
 484.73883056640625
 26.19467544555664
 1.4077218770980835
 20.712854385375977
 9.219924926757812
 1.0729143619537354
 1.142797827720642
 17.82781982421875
 38.5875244140625
 48.30121994018555
 68.41019439697266
 26.638883590698242
 13.02092456817627
 14.937625885009766
 9.246843338012695
 4.217571258544922
 3.4661431312561035
 43.114139556884766
 18.489877700805664
 51.469539642333984
 114.36714935302734
 221.40968322753906
 363.0146484375
 1882.1661376953125
 18937.78125
 163018.1875
 1211840.125
 8302565.0
 52603408.0
 306984768.0
 1651777536.0
 8192025088.0
 37436370944.0
 157634887680.0
 611661381632.0
 2187137908736.0
 7206879625216.0
 21883657388032.0
 61234858688512.0
 157900831981568.0
 375212302401536.0
 821631807127552.0
 1658002734055424.0
 3083195423653888.0
 5283535086682112.0
 8343652577312768.0
 1.214216245608448e+16
 1.6283354890502144e+16
 2.012332838354944e+16
 2.291733131113267e+16
 2.4051179054956544e+16
 2.3260398266351616e+16
 2.073031248917299e+16
 1.7025630465949696e+16
 1.2885706120626176e+16
 8987143368081408.0
 5776210248335360.0
 3421151904661504.0
 1867281323786240.0
 939192846647296.0
 435319228858368.0
 185937959059456.0
 73187308077056.0
 26546679054336.0
 8873387753472.0
 2733229211648.0
 775828275200.0
 202933370880.0
 48915591168.0
 10865571840.0
 2224352256.0
 419405376.0
 72831128.0
 11670738.0
 1724240.375
 231059.0625
 28488.162109375
 3633.40087890625
 474.8994140625
 22.173490524291992
 2.6755754947662354
 16.382966995239258
 15.407898902893066
 5.092399597167969
 44.63856506347656
 95.9428939819336
 30.599977493286133
 8.868110656738281
 32.36229705810547
 26.113140106201172
 28.5177001953125
 25.76439666748047
 56.73633575439453
 71.88871002197266
 33.083290100097656
 6.592871189117432
 42.082481384277344
 22.447864532470703
 7.359579086303711
 25.10183334350586
 289.6986083984375
 2403.178466796875
 21880.12890625
 186440.453125
 1406495.25
 9692418.0
 61492496.0
 358925888.0
 1930585472.0
 9571416064.0
 43736526848.0
 184170643456.0
 714639802368.0
 2555344584704.0
 8420110368768.0
 25567625740288.0
 71543392567296.0
 184482418130944.0
 438376842919936.0
 959948007669760.0
 1937115478753280.0
 3602229873344512.0
 6172983622107136.0
 9748250764509184.0
 1.4186208259211264e+16
 1.902454690021376e+16
 2.351096021594931e+16
 2.6775302864633856e+16
 2.81000382824448e+16
 2.7176132835016704e+16
 2.422013662593024e+16
 1.9891769516752896e+16
 1.5054922303143936e+16
 1.0500065462321152e+16
 6748595139117056.0
 3997079370203136.0
 2181623806164992.0
 1097299988054016.0
 508602309672960.0
 217239278059520.0
 85507748921344.0
 31015575748608.0
 10367161860096.0
 3193350914048.0
 906427695104.0
 237096042496.0
 57153171456.0
 12695761920.0
 2598755328.0
 490106304.0
 85237952.0
 13693671.0
 2027568.25
 274554.28125
 34761.5703125
 4525.89453125
 685.9473876953125
 88.80574035644531
 8.830646514892578
 51.02724838256836
 14.662330627441406
 12.492321014404297
 32.49307632446289
 24.738006591796875
 48.146453857421875
 13.374979019165039
 34.585540771484375
 3.1891582012176514
 29.844606399536133
 14.03432559967041
 13.418728828430176
 49.00326156616211
 52.082454681396484
 8.520108222961426
 21.663053512573242
 6.937384128570557
 15.01162338256836
 19.19629669189453
 395.46026611328125
 2771.564697265625
 23145.041015625
 205279.875
 1576773.75
 10804545.0
 68140984.0
 397133344.0
 2136141312.0
 10590797824.0
 48393601024.0
 203778752512.0
 790713466880.0
 2827338383360.0
 9316364976128.0
 28289148125184.0
 79158663184384.0
 204118924722176.0
 485037938049024.0
 1062126084947968.0
 2143304644820992.0
 3985655294066688.0
 6830042214563840.0
 1.0785869766066176e+16
 1.5696207091335168e+16
 2.104955096583373e+16
 2.6013485187989504e+16
 2.9625303575822336e+16
 3.1091047064928256e+16
 3.006879975132365e+16
 2.679814994316493e+16
 2.200908531446579e+16
 1.6657392854892544e+16
 1.1617702925828096e+16
 7466921976922112.0
 4422533461835776.0
 2413840876699648.0
 1214097597136896.0
 562738292064256.0
 240362408902656.0
 94609279549440.0
 34316912427008.0
 11470690582528.0
 3533270941696.0
 1002908942336.0
 262331858944.0
 63236640768.0
 14047099904.0
 2875671040.0
 542685888.0
 94435952.0
 15131367.0
 2233290.5
 309562.53125
 41189.91796875
 4879.7041015625
 582.08447265625
 176.6448974609375
 95.45532989501953
 3.276494026184082
 22.195533752441406
 55.94008255004883
 21.13579559326172
 13.883054733276367
 36.40032196044922
 2.8344457149505615
 22.302440643310547
 25.550048828125
 2.540863037109375
 1.1226718425750732
 10.32783031463623
 2.257552146911621
 1.9077577590942383
 43.93748092651367
 29.1212215423584
 52.34968948364258
 113.8819351196289
 126.81961822509766
 356.0963439941406
 2295.420654296875
 23605.611328125
 217302.953125
 1656109.75
 11312895.0
 71344888.0
 415884896.0
 2237700608.0
 11096900608.0
 50708643840.0
 213521842176.0
 828511617024.0
 2962514509824.0
 9761826275328.0
 29641796485120.0
 82943754108928.0
 213879321788416.0
 508231331872768.0
 1112914610094080.0
 2245793570357248.0
 4176239635988480.0
 7156641728299008.0
 1.130162661883904e+16
 1.6446774101147648e+16
 2.205608299410227e+16
 2.725740650115891e+16
 3.104194055634944e+16
 3.2577749994438656e+16
 3.150661306810368e+16
 2.8079577058246656e+16
 2.306150692080845e+16
 1.7453917088514048e+16
 1.2173240839438336e+16
 7823973345656832.0
 4634009866862592.0
 2529264901554176.0
 1272153072730112.0
 589646866153472.0
 251855993044992.0
 99133448781824.0
 35957986295808.0
 12019200688128.0
 3702216982528.0
 1050868973568.0
 274875334656.0
 66257657856.0
 14717898752.0
 3012890880.0
 568263616.0
 98731904.0
 15811308.0
 2334906.5
 318618.4375
 40082.68359375
 4342.3779296875
 370.4938049316406
 68.09327697753906
 99.71619415283203
 44.30351257324219
 49.793853759765625
 80.03451538085938
 81.59667205810547
 77.15977478027344
 36.297447204589844
 9.803093910217285
 13.635486602783203
 29.401491165161133
 19.117698669433594
 57.33211135864258
 90.48143005371094
 39.08660888671875
 14.029046058654785
 38.6935920715332
 22.3883056640625
 68.53050994873047
 101.86518096923828
 60.49216842651367
 143.7025909423828
 1798.2799072265625
 23362.978515625
 216573.71875
 1636025.875
 11185331.0
 70729136.0
 412723776.0
 2220878080.0
 11012006912.0
 50316402688.0
 211869401088.0
 822120480768.0
 2939705884672.0
 9686661201920.0
 29413483741184.0
 82304869335040.0
 212232336048128.0
 504318046240768.0
 1104345143705600.0
 2228501495152640.0
 4144084558020608.0
 7101536224149504.0
 1.1214603065229312e+16
 1.6320135916683264e+16
 2.1886255692251136e+16
 2.704752648178893e+16
 3.080291274142515e+16
 3.232691746190131e+16
 3.126402043032371e+16
 2.786337484701696e+16
 2.288393149795533e+16
 1.7319527561822208e+16
 1.2079510694395904e+16
 7763735892459520.0
 4598327278567424.0
 2509790446092288.0
 1262357594505216.0
 585106951503872.0
 249916597207040.0
 98370060288000.0
 35681132871680.0
 11926653370368.0
 3673700433920.0
 1042774556672.0
 272760930304.0
 65749782528.0
 14605115392.0
 2989321984.0
 563739584.0
 98072048.0
 15782324.0
 2336172.5
 311836.625
 37568.0078125
 4377.68017578125
 472.81787109375
 48.84524917602539
 25.99112892150879
 7.613719463348389
 4.101356029510498
 42.85175323486328
 58.58977508544922
 24.809131622314453
 90.16619110107422
 41.2933349609375
 7.388524055480957
 6.872262001037598
 34.09516143798828
 69.30892944335938
 69.78952026367188
 11.150800704956055
 1.0838629007339478
 10.61987018585205
 1.596583604812622
 1.755444884300232
 2.641531467437744
 45.55713653564453
 350.80517578125
 2241.507568359375
 21845.4921875
 201882.1875
 1546001.5
 10551410.0
 66524240.0
 387911840.0
 2087202944.0
 10348455936.0
 47283789824.0
 199102447616.0
 772576182272.0
 2762522755072.0
 9102818279424.0
 27640668880896.0
 77344131776512.0
 199440245719040.0
 473920650084352.0
 1037782344531968.0
 2094179345760256.0
 3894301876551680.0
 6673496562204672.0
 1.0538653595992064e+16
 1.5336446671978496e+16
 2.056707366715392e+16
 2.5417257827958784e+16
 2.8946292868644864e+16
 3.037841320627405e+16
 2.9379599234236416e+16
 2.618391378526208e+16
 2.150462422568141e+16
 1.6275600327049216e+16
 1.1351422469668864e+16
 7295779341336576.0
 4321166596505600.0
 2358513644863488.0
 1186269698719744.0
 549840169730048.0
 234853257707520.0
 92440799215616.0
 33530377666560.0
 11207770636288.0
 3452267134976.0
 979909738496.0
 256314277888.0
 61785616384.0
 13724682240.0
 2809498880.0
 530248128.0
 92312416.0
 14805634.0
 2178383.0
 296104.78125
 37547.41015625
 4229.013671875
 421.1996154785156
 85.26004028320312
 34.20050811767578
 0.08400873839855194
 12.416205406188965
 24.37982940673828
 15.741589546203613
 81.4759521484375
 116.277099609375
 14.0355806350708
 5.979694366455078
 3.6727447509765625
 24.611534118652344
 20.551258087158203
 27.252182006835938
 5.0645623207092285
 4.033982753753662
 11.53803825378418
 29.078052520751953
 61.25721740722656
 68.49359893798828
 164.57125854492188
 617.396240234375
 2755.252197265625
 21053.2734375
 179765.484375
 1366511.5
 9370632.0
 59199768.0
 345208896.0
 1857245568.0
 9208832000.0
 42079260672.0
 177190731776.0
 687548858368.0
 2458471890944.0
 8100923834368.0
 24598468886528.0
 68831439486976.0
 177489187962880.0
 421759278907392.0
 923559434125312.0
 1863685630853120.0
 3465679978102784.0
 5938982529531904.0
 9378722515779584.0
 1.364845043646464e+16
 1.830337035160781e+16
 2.2619717994807296e+16
 2.576033337311232e+16
 2.703483055846195e+16
 2.614594627436544e+16
 2.3302007909515264e+16
 1.9137725730914304e+16
 1.4484237113622528e+16
 1.0102035810615296e+16
 6492778297032704.0
 3845560977063936.0
 2098925955710976.0
 1055704035098624.0
 489322604134400.0
 209004500353024.0
 82266483064832.0
 29839859908608.0
 9974166061056.0
 3072287834112.0
 872057470976.0
 228102471680.0
 54983397376.0
 12213211136.0
 2499958784.0
 471702560.0
 82021456.0
 13121343.0
 1923392.0
 259299.1875
 32135.8359375
 3689.02734375
 419.1953125
 49.0654411315918
 5.7906413078308105
 3.799089193344116
 0.912240743637085
 16.538768768310547
 53.50038146972656
 102.27043151855469
 43.74069595336914
 2.662235975265503
 15.858617782592773
 16.074270248413086
 4.891390800476074
 19.29221534729004
 18.60609245300293
 23.19317626953125
 10.314327239990234
 14.43648910522461
 26.440256118774414
 58.71105194091797
 62.96426773071289
 67.9087905883789
 254.39720153808594
 1881.74658203125
 18019.4140625
 152405.203125
 1143378.5
 7863854.0
 49848248.0
 290888128.0
 1565146496.0
 7761063424.0
 35463757824.0
 149331574784.0
 579451420672.0
 2071965204480.0
 6827334959104.0
 20731167506432.0
 58010013532160.0
 149585137762304.0
 355451929624576.0
 778360682708992.0
 1570684035661824.0
 2920818816319488.0
 5005278114217984.0
 7904236620742656.0
 1.1502692291575808e+16
 1.5425786286702592e+16
 1.9063538760810496e+16
 2.171038537141453e+16
 2.2784528774856704e+16
 2.203538125173555e+16
 1.963855327736627e+16
 1.6128961553629184e+16
 1.2207077665538048e+16
 8513829918998528.0
 5472005230952448.0
 3240976415981568.0
 1768940128698368.0
 889730392653824.0
 412393096085504.0
 176145584619520.0
 69332914667520.0
 25148585410560.0
 8406059450368.0
 2589270999040.0
 734962909184.0
 192244695040.0
 46340030464.0
 10293399552.0
 2106657920.0
 397215616.0
 69032616.0
 11072931.0
 1626408.75
 214680.1875
 25771.34375
 3463.177734375
 524.3294677734375
 41.34521484375
 12.801603317260742
 33.038082122802734
 22.53743553161621
 6.022801399230957
 46.84125518798828
 55.30695343017578
 2.0113117694854736
 10.304083824157715
 64.05958557128906
 74.84925079345703
 18.746501922607422
 6.483959674835205
 0.2687661647796631
 30.119516372680664
 24.377750396728516
 30.73677635192871
 0.28429925441741943
 9.335062980651855
 2.4396369457244873
 19.718936920166016
 136.5972900390625
 1205.8060302734375
 13403.5498046875
 119696.9375
 911579.125
 6276822.5
 39767664.0
 232073024.0
 1249003648.0
 6194264064.0
 28304922624.0
 119185817600.0
 462475853824.0
 1653694791680.0
 5449109209088.0
 16546190589952.0
 46299571290112.0
 119388464218112.0
 283696917643264.0
 621233532043264.0
 1253610759389184.0
 2331193894764544.0
 3994864240820224.0
 6308609025638400.0
 9180649361506304.0
 1.2311790041956352e+16
 1.5215185786568704e+16
 1.7327725580648448e+16
 1.818502038028288e+16
 1.7587105098104832e+16
 1.5674121295757312e+16
 1.2873013418524672e+16
 9742844474425344.0
 6795146142154752.0
 4367373465288704.0
 2586721363427328.0
 1411845407637504.0
 710120967241728.0
 329143409442816.0
 140587105779712.0
 55336685797376.0
 20071860666368.0
 6709142618112.0
 2066578669568.0
 586594516992.0
 153434243072.0
 36985114624.0
 8215968256.0
 1681650944.0
 317085920.0
 55078616.0
 8818513.0
 1294249.25
 173515.109375
 21568.1796875
 2786.7109375
 352.4031066894531
 61.48616027832031
 68.22615814208984
 42.33670425415039
 4.222635746002197
 5.698305606842041
 7.7206807136535645
 9.150907516479492
 4.860075950622559
 13.30073356628418
 46.792152404785156
 81.35071563720703
 15.719889640808105
 1.209293246269226
 0.42279505729675293
 13.60494327545166
 31.51902198791504
 56.90496063232422
 24.313488006591797
 7.922378063201904
 4.114808082580566
 33.03225326538086
 212.69888305664062
 1287.4749755859375
 10935.740234375
 91063.3125
 687828.8125
 4740532.5
 30056240.0
 175425760.0
 944097536.0
 4681928704.0
 21393840128.0
 90084966400.0
 349559193600.0
 1249935491072.0
 4118669688832.0
 12506313523200.0
 34995194298368.0
 90238940610560.0
 214430352670720.0
 469554782273536.0
 947532733612032.0
 1762016238764032.0
 3019489784365056.0
 4768316715433984.0
 6939129552044032.0
 9305777864966144.0
 1.1500288183631872e+16
 1.3097032470233088e+16
 1.3745014186180608e+16
 1.3293089137360896e+16
 1.1847176586002432e+16
 9729979973632000.0
 7364058583924736.0
 5136065773961216.0
 3301047439196160.0
 1955155549356032.0
 1067133748379648.0
 536740049715200.0
 248780813238272.0
 106261710372864.0
 41825825980416.0
 15171177152512.0
 5071062958080.0
 1562005733376.0
 443372601344.0
 115972505600.0
 27954987008.0
 6209884160.0
 1270993024.0
 239658112.0
 41641800.0
 6676916.0
 984542.25
 133102.03125
 16496.185546875
 2166.52490234375
 291.49896240234375
 45.7724494934082
 36.412235260009766
 24.971036911010742
 7.800036430358887
 4.340754508972168
 3.378222942352295
 14.534774780273438
 1.0876182317733765
 16.64070701599121
 59.11903381347656
 30.88037872314453
 1.2526695728302002
 12.93706226348877
 19.704561233520508
 9.853116989135742
 6.948159217834473
 11.77957534790039
 8.292591094970703
 7.444682598114014
 25.343809127807617
 69.01874542236328
 247.32972717285156
 1187.9273681640625
 8687.0234375
 67301.640625
 497222.5
 3405357.75
 21538904.0
 125591248.0
 675771328.0
 3351458560.0
 15314395136.0
 64483643392.0
 250214187008.0
 894699765760.0
 2948127522816.0
 8951963844608.0
 25049408995328.0
 64592667475968.0
 153488373841920.0
 336105551429632.0
 678240431636480.0
 1261244661104640.0
 2161339615150080.0
 3413143132831744.0
 4966998681321472.0
 6661035251466240.0
 8231857262952448.0
 9374802284380160.0
 9838627613835264.0
 9515141414518784.0
 8480162744107008.0
 6964680849358848.0
 5271163970256896.0
 3676376041259008.0
 2362877331636224.0
 1399492679041024.0
 763850269917184.0
 384196468015104.0
 178076390522880.0
 76061765271552.0
 29938805637120.0
 10859469340672.0
 3629844267008.0
 1118074568704.0
 317364535296.0
 83012526080.0
 20009598976.0
 4444801024.0
 909685568.0
 171504928.0
 29796572.0
 4778613.5
 704342.5
 95244.6328125
 11993.7431640625
 1724.9658203125
 238.1065673828125
 46.19316864013672
 51.75261688232422
 39.58741760253906
 11.821715354919434
 1.5273747444152832
 13.46505355834961
 38.12919616699219
 6.918278217315674
 21.44723892211914
 85.81161499023438
 47.934574127197266
 11.023092269897461
 19.69955062866211
 11.886856079101562
 2.0186123847961426
 2.997598886489868
 3.7255773544311523
 1.8456530570983887
 8.849672317504883
 7.641604423522949
 17.306541442871094
 134.83445739746094
 827.6151123046875
 6154.60302734375
 46034.9453125
 337710.5
 2309191.5
 14596320.0
 85117560.0
 458030560.0
 2271742720.0
 10381217792.0
 43712471040.0
 169614966784.0
 606491705344.0
 1998452555776.0
 6068291239936.0
 16980291616768.0
 43785509666816.0
 104045448527872.0
 227836522659840.0
 459759840919552.0
 854961759977472.0
 1465109310341120.0
 2313670696632320.0
 3366985387737088.0
 4515326498701312.0
 5580143380660224.0
 6354911994314752.0
 6669324538347520.0
 6450038540599296.0
 5748458317152256.0
 4721157437652992.0
 3573171466797056.0
 2492109139476480.0
 1601726717100032.0
 948676134436864.0
 517792331726848.0
 260435928416256.0
 120713042198528.0
 51560184807424.0
 20294651609088.0
 7361319141376.0
 2460577431552.0
 757914992640.0
 215131144192.0
 56271044608.0
 13563971584.0
 3012989696.0
 616569024.0
 116243920.0
 20193732.0
 3226834.5
 472655.15625
 64946.6875
 8399.7548828125
 1084.844970703125
 134.37680053710938
 44.810333251953125
 34.295040130615234
 11.291749000549316
 0.850683867931366
 4.8709211349487305
 5.936261177062988
 10.83178424835205
 6.615118980407715
 23.573795318603516
 42.54289627075195
 46.88358688354492
 9.667008399963379
 7.231635093688965
 1.7288484573364258
 3.563957691192627
 10.391804695129395
 11.186473846435547
 19.20636558532715
 36.3014030456543
 12.551547050476074
 4.151786804199219
 77.96224212646484
 543.2019653320312
 4007.72509765625
 29743.80078125
 216998.140625
 1479032.375
 9354207.0
 54621652.0
 294033344.0
 1458331648.0
 6664167936.0
 28061784064.0
 108887261184.0
 389344428032.0
 1282923954176.0
 3895591698432.0
 10900632240128.0
 28108407177216.0
 66792588312576.0
 146260950515712.0
 295145454960640.0
 548847696740352.0
 940535426580480.0
 1485273644924928.0
 2161454371307520.0
 2898639068332032.0
 3582204051456000.0
 4079569585831936.0
 4281410500165632.0
 4140637578330112.0
 3690253617463296.0
 3030772663451648.0
 2293816405000192.0
 1599822570192896.0
 1028237719240704.0
 609008243179520.0
 332399531524096.0
 167188312883200.0
 77492459143168.0
 33099352113152.0
 13028251664384.0
 4725642625024.0
 1579589697536.0
 486550732800.0
 138104602624.0
 36123930624.0
 8707875840.0
 1934248832.0
 395747904.0
 74610752.0
 12973272.0
 2079382.375
 308566.625
 43777.7109375
 5680.4287109375
 700.9547729492188
 115.31686401367188
 30.843971252441406
 12.220067024230957
 7.751628398895264
 0.3483349680900574
 5.02830171585083
 6.893617153167725
 9.235820770263672
 9.588092803955078
 34.466312408447266
 32.87364959716797
 30.495342254638672
 0.36949002742767334
 1.2532668113708496
 0.014673994854092598
 5.4611029624938965
 6.8578972816467285
 2.3568227291107178
 4.673574447631836
 10.476958274841309
 3.2774901390075684
 12.505553245544434
 89.96806335449219
 431.45050048828125
 2721.82080078125
 18613.35546875
 133349.46875
 904356.8125
 5697548.0
 33209712.0
 178721792.0
 886561088.0
 4051526656.0
 17060058112.0
 66197229568.0
 236700631040.0
 779947540480.0
 2368297500672.0
 6626964668416.0
 17088326402048.0
 40606126571520.0
 88918338830336.0
 179431737917440.0
 333668224598016.0
 571792284450816.0
 902962851348480.0
 1314042291421184.0
 1762207901679616.0
 2177774978596864.0
 2480146044944384.0
 2602853797462016.0
 2517272279121920.0
 2243464087470080.0
 1842537748758528.0
 1394511053848576.0
 972601987956736.0
 625110478225408.0
 370242421260288.0
 202080258097152.0
 101641130868736.0
 47111034896384.0
 20122561413120.0
 7920462856192.0
 2872932564992.0
 960302940160.0
 295797981184.0
 83961520128.0
 21961615360.0
 5293787648.0
 1175937536.0
 240624192.0
 45356104.0
 7883803.5
 1265991.125
 189603.0625
 27116.650390625
 3400.224853515625
 361.6925964355469
 43.450199127197266
 2.517651319503784
 0.49665939807891846
 1.937949776649475
 1.202835202217102
 0.990352213382721
 3.6333699226379395
 10.231620788574219
 4.608302116394043
 18.006359100341797
 25.4664306640625
 26.08604621887207
 0.646075427532196
 1.9810876846313477
 0.9429187774658203
 1.6122984886169434
 4.344905853271484
 0.5660609602928162
 0.6351014375686646
 3.3713836669921875
 2.8413898944854736
 10.435330390930176
 42.969608306884766
 228.86233520507812
 1621.82275390625
 11119.830078125
 77977.53125
 522072.4375
 3279219.5
 19116496.0
 102891976.0
 510388992.0
 2332452864.0
 9821706240.0
 38111059968.0
 136275443712.0
 449041137664.0
 1363507150848.0
 3815361740800.0
 9838308360192.0
 23378289229824.0
 51193233539072.0
 103304759607296.0
 192103787266048.0
 329199646670848.0
 519865458753536.0
 756537148571648.0
 1014560798539776.0
 1253816515166208.0
 1427901874438144.0
 1498548180877312.0
 1449276047622144.0
 1291635983908864.0
 1060809341927424.0
 802865484398592.0
 559958911352832.0
 359896717459456.0
 213160837513216.0
 116344347426816.0
 58518187016192.0
 27123404242944.0
 11585235976192.0
 4560085057536.0
 1654048817152.0
 552881160192.0
 170303488000.0
 48340914176.0
 12644750336.0
 3048088576.0
 677096704.0
 138550528.0
 26130398.0
 4554437.5
 735960.375
 111493.5234375
 15991.859375
 1934.739501953125
 157.52777099609375
 7.468245983123779
 11.384735107421875
 5.149084091186523
 1.2384309768676758
 8.354131698608398
 0.11962021142244339
 0.2720707952976227
 0.44741493463516235
 0.1471375972032547
 4.751532077789307
 7.504975318908691
 7.242492198944092
 6.858478546142578
 10.486873626708984
 12.277536392211914
 2.9965996742248535
 6.8153395652771
 3.2967946529388428
 8.6969633102417
 8.062138557434082
 2.332956314086914
 6.4159626960754395
 0.5393161177635193
 29.460411071777344
 634.077392578125
 5821.3232421875
 42501.63671875
 284250.15625
 1785152.75
 10412734.0
 56070708.0
 278199840.0
 1271593216.0
 5354942464.0
 20778692608.0
 74300727296.0
 244830863360.0
 743427276800.0
 2080254197760.0
 5364142047232.0
 12746538090496.0
 27912055029760.0
 56324779933696.0
 104740620861440.0
 179489250213888.0
 283445796274176.0
 412486008307712.0
 553168031186944.0
 683616858275840.0
 778533219598336.0
 817051694268416.0
 790187412029440.0
 704237331808256.0
 578384052617216.0
 437745415618560.0
 305305904742400.0
 196226049900544.0
 116221529817088.0
 63434330734592.0
 31905835646976.0
 14788479418368.0
 6316612911104.0
 2486296117248.0
 901839060992.0
 301446955008.0
 92854591488.0
 26356420608.0
 6894035968.0
 1661839872.0
 369131424.0
 75531528.0
 14255642.0
 2489089.5
 402223.15625
 60834.6328125
 8620.2373046875
 1035.6119384765625
 70.25685119628906
 0.683521032333374
 8.304533958435059
 7.59744930267334
 1.037283182144165
 6.546449184417725
 0.5775688290596008
 3.343550443649292
 3.3225252628326416
 2.6545307636260986
 9.184807777404785
 16.55504608154297
 13.36058235168457
 1.7383174896240234
 2.920823097229004
 12.407553672790527
 9.108661651611328
 7.983397483825684
 2.949833869934082
 13.340507507324219
 12.334043502807617
 1.3699859380722046
 0.07303635776042938
 3.5349440574645996
 5.43907356262207
 303.59490966796875
 2881.3447265625
 21534.16015625
 147499.1875
 928465.1875
 5391098.5
 28970338.0
 143650560.0
 656555264.0
 2764896768.0
 10728677376.0
 38364737536.0
 126417002496.0
 383862145024.0
 1074122522624.0
 2769731715072.0
 6581576007680.0
 14412165414912.0
 29082863534080.0
 54081955561472.0
 92677718671360.0
 146354802262016.0
 212983619780608.0
 285623579574272.0
 352979706183680.0
 401988672028672.0
 421877591834624.0
 408006458081280.0
 363627164991488.0
 298643504496640.0
 226025992617984.0
 157642060201984.0
 101319738130432.0
 60010063200256.0
 32753821155328.0
 16474316996608.0
 7635911835648.0
 3261538762752.0
 1283781296128.0
 465657397248.0
 155647885312.0
 47944118272.0
 13608310784.0
 3559304704.0
 857967680.0
 190553168.0
 38986308.0
 7361742.5
 1286634.5
 207275.3125
 30847.787109375
 4112.57666015625
 478.4189147949219
 37.537078857421875
 8.838237762451172
 17.901456832885742
 5.40082311630249
 1.7629406452178955
 13.521976470947266
 0.7394465208053589
 0.11143681406974792
 0.14591790735721588
 1.4895516633987427
 8.440857887268066
 16.31192398071289
 12.989950180053711
 2.2017431259155273
 8.505363464355469
 3.6038269996643066
 0.8643835783004761
 2.935694932937622
 0.5237464308738708
 5.278388023376465
 3.300018787384033
 1.4944334030151367
 7.367674350738525
 0.17464768886566162
 0.1984052062034607
 115.98664855957031
 1367.156005859375
 10713.72265625
 73135.4765625
 456378.09375
 2641470.5
 14186323.0
 70283952.0
 321126688.0
 1352112768.0
 5246297600.0
 18759882752.0
 61816328192.0
 187704197120.0
 525233848320.0
 1354363043840.0
 3218301517824.0
 7047345078272.0
 14221083410432.0
 26445256589312.0
 45318020268032.0
 71565278445568.0
 104145767890944.0
 139665491361792.0
 172601531957248.0
 196566224732160.0
 206291607748608.0
 199508847755264.0
 177807871180800.0
 146032109289472.0
 110523165179904.0
 77084537913344.0
 49543836073984.0
 29344023969792.0
 16016121790464.0
 8055696654336.0
 3733850685440.0
 1594847526912.0
 627753353216.0
 227701342208.0
 76109660160.0
 23444187136.0
 6654205440.0
 1740376064.0
 419552000.0
 93203232.0
 19088116.0
 3611886.25
 630956.5
 100832.953125
 14941.6904296875
 2029.5787353515625
 276.1926574707031
 40.6835823059082
 21.6696720123291
 42.044837951660156
 25.022695541381836
 8.976987838745117
 21.996337890625
 4.565630912780762
 3.608776569366455
 4.291762828826904
 2.3067219257354736
 0.23193764686584473
 2.146660566329956
 0.2621850073337555
 14.840991020202637
 29.667236328125
 18.066783905029297
 6.2746076583862305
 4.960867881774902
 2.134263038635254
 3.48779034614563
 0.5719183683395386
 1.4977314472198486
 5.741025924682617
 3.91169810295105
 12.027335166931152
 34.3060417175293
 530.6478271484375
 4667.65625
 33360.73828125
 210514.125
 1223085.375
 6576625.0
 32561154.0
 148734624.0
 626135360.0
 2429464576.0
 8687185920.0
 28625377280.0
 86921117696.0
 243224117248.0
 627176505344.0
 1490328616960.0
 3263484657664.0
 6585502924800.0
 12246279258112.0
 20985885491200.0
 33140412252160.0
 48227780919296.0
 64676184457216.0
 79928200527872.0
 91025758486528.0
 95529493069824.0
 92388387192832.0
 82339187130368.0
 67624461402112.0
 51181053280256.0
 35696303669248.0
 22942740119552.0
 13588620115968.0
 7416743723008.0
 3730431279104.0
 1729071939584.0
 738543599616.0
 290699804672.0
 105443319808.0
 35244122112.0
 10856261632.0
 3081296384.0
 805907200.0
 194316736.0
 43174300.0
 8843277.0
 1672624.875
 290789.46875
 45712.2890625
 6472.6650390625
 819.6640625
 123.20259094238281
 37.43988800048828
 27.750486373901367
 33.33491516113281
 26.670682907104492
 15.523401260375977
 12.993212699890137
 8.434133529663086
 10.258813858032227
 8.234522819519043
 13.03361988067627
 12.835680961608887
 13.031354904174805
 2.832071542739868
 1.9792124032974243
 10.478983879089355
 10.517705917358398
 8.877861976623535
 8.047749519348145
 2.263360023498535
 3.452324867248535
 0.3150368630886078
 1.064725399017334
 1.677504539489746
 6.686381816864014
 20.526609420776367
 13.643716812133789
 164.24172973632812
 1752.923095703125
 13797.7216796875
 90499.6171875
 535016.5
 2887825.5
 14288801.0
 65255640.0
 274627264.0
 1065579520.0
 3809882624.0
 12553579520.0
 38118723584.0
 106664353792.0
 275045318656.0
 653576372224.0
 1431187881984.0
 2888045428736.0
 5370559332352.0
 9203273957376.0
 14533577932800.0
 21150077812736.0
 28363435540480.0
 35052152946688.0
 39919003107328.0
 41894000197632.0
 40516494295040.0
 36109530693632.0
 29656413634560.0
 22445218070528.0
 15654458490880.0
 10061446381568.0
 5959237238784.0
 3252581826560.0
 1635961274368.0
 758275047424.0
 323882811392.0
 127483551744.0
 46241161216.0
 15455921152.0
 4760809472.0
 1351321856.0
 353514752.0
 85267032.0
 18944888.0
 3876606.0
 730870.3125
 126274.953125
 19761.7109375
 2724.905517578125
 350.9525451660156
 66.70233154296875
 26.436954498291016
 14.231802940368652
 14.542818069458008
 12.29947280883789
 10.950428009033203
 6.117814064025879
 8.140888214111328
 9.37516975402832
 9.405235290527344
 20.907726287841797
 19.501541137695312
 9.674966812133789
 0.6765836477279663
 0.8371341228485107
 1.7430369853973389
 5.380237102508545
 13.5098876953125
 15.758245468139648
 5.821329593658447
 5.622593879699707
 0.5587648749351501
 0.8190445303916931
 2.9692375659942627
 6.871860980987549
 20.336711883544922
 11.642121315002441
 51.7944221496582
 611.4563598632812
 5285.888671875
 36286.03515625
 219720.78125
 1194279.375
 5923995.5
 27096366.0
 114061440.0
 442632832.0
 1582386176.0
 5213680640.0
 15831041024.0
 44298162176.0
 114228609024.0
 271436562432.0
 594386616320.0
 1199429648384.0
 2230436757504.0
 3822217068544.0
 6035958923264.0
 8783850373120.0
 11779638820864.0
 14557489659904.0
 16578750971904.0
 17398971236352.0
 16826910113792.0
 14996642725888.0
 12316626124800.0
 9321735782400.0
 6501451169792.0
 4178620973056.0
 2474929291264.0
 1350823706624.0
 679425998848.0
 314917715968.0
 134511099904.0
 52944498688.0
 19204018176.0
 6419024384.0
 1977222912.0
 561269312.0
 146855248.0
 35415808.0
 7862841.0
 1604484.625
 299847.625
 50813.5625
 7698.94677734375
 956.1939697265625
 122.89790344238281
 24.698978424072266
 6.582514762878418
 1.690321922302246
 12.64067554473877
 7.715515613555908
 1.759526252746582
 4.694246292114258
 0.24296486377716064
 0.6037008762359619
 2.1648457050323486
 6.63763427734375
 1.6886307001113892
 0.21035511791706085
 5.637764930725098
 2.9907116889953613
 6.919060707092285
 7.547458648681641
 8.856293678283691
 11.400964736938477
 8.903495788574219
 11.127814292907715
 3.9509050846099854
 3.584683895111084
 0.1745111495256424
 4.95602560043335
 12.863800048828125
 7.262485027313232
 31.915679931640625
 275.7258605957031
 2050.5732421875
 13715.056640625
 84245.484375
 463564.0
 2318435.25
 10638342.0
 44826472.0
 174076288.0
 622388352.0
 2050624128.0
 6226541568.0
 17423056896.0
 44927844352.0
 106758152192.0
 233775333376.0
 471741628416.0
 877246283776.0
 1503294128128.0
 2373966102528.0
 3454742298624.0
 4633004081152.0
 5725536387072.0
 6520487542784.0
 6843068841984.0
 6618092666880.0
 5898224271360.0
 4844186763264.0
 3666304040960.0
 2557058482176.0
 1643472879616.0
 973401096192.0
 531287965696.0
 267223891968.0
 123858501632.0
 52903354368.0
 20823255040.0
 7553180160.0
 2524766464.0
 777581312.0
 220726080.0
 57754436.0
 13913516.0
 3080923.5
 624498.0
 114924.09375
 19258.28515625
 3024.298583984375
 385.45025634765625
 53.44959259033203
 6.0637359619140625
 2.071730136871338
 1.8169242143630981
 15.971482276916504
 7.542694091796875
 3.552726984024048
 9.601015090942383
 6.029216766357422
 6.958418369293213
 14.963044166564941
 34.63100814819336
 18.60521697998047
 3.9647269248962402
 2.0408735275268555
 1.8510119915008545
 2.155982255935669
 0.6182844638824463
 2.075761079788208
 4.507225036621094
 3.1449718475341797
 6.949050426483154
 6.7095160484313965
 8.400317192077637
 1.742384910583496
 1.3826777935028076
 2.9853310585021973
 4.375898361206055
 23.362764358520508
 144.1925048828125
 898.2656860351562
 5363.7841796875
 31215.708984375
 170677.390625
 860263.0
 3954467.75
 16678060.0
 64818812.0
 231838448.0
 763879232.0
 2319329024.0
 6489831424.0
 16734857216.0
 39764635648.0
 87073767424.0
 175710126080.0
 326747488256.0
 559927328768.0
 884222984192.0
 1286787432448.0
 1725645455360.0
 2132568702976.0
 2428643049472.0
 2548806713344.0
 2465020772352.0
 2196886257664.0
 1804285509632.0
 1365572059136.0
 952419942400.0
 612136386560.0
 362554916864.0
 197886345216.0
 99532914688.0
 46134038528.0
 19705100288.0
 7756239872.0
 2813425408.0
 940424640.0
 289583360.0
 82191264.0
 21494518.0
 5168368.5
 1143448.25
 231814.484375
 42658.80859375
 7368.0634765625
 1283.008544921875
 174.18655395507812
 23.1927490234375
 2.7445926666259766
 3.3520755767822266
 1.4526329040527344
 8.008208274841309
 6.793756008148193
 8.785435676574707
 9.63656997680664
 13.759973526000977
 23.321632385253906
 35.39655685424805
 51.47675323486328
 27.4685115814209
 10.210234642028809
 5.616283416748047
 3.662149429321289
 2.471261978149414
 0.5070787668228149
 1.3242979049682617
 3.392204523086548
 0.9279180765151978
 4.529177665710449
 4.989391803741455
 4.284961223602295
 2.7264912128448486
 6.647490501403809
 3.3021609783172607
 0.5049341917037964
 10.301274299621582
 68.74029541015625
 400.9267883300781
 2155.69775390625
 11427.91015625
 60465.62109375
 303648.75
 1390012.25
 5866986.5
 22824620.0
 81712296.0
 269342976.0
 817915456.0
 2288927232.0
 5902553088.0
 14025867264.0
 30713438208.0
 61978607616.0
 115254009856.0
 197504761856.0
 311896375296.0
 453892341760.0
 608705314816.0
 752248619008.0
 856684101632.0
 899062562816.0
 869513232384.0
 774938886144.0
 636444803072.0
 481696120832.0
 335956639744.0
 215926439936.0
 127891062784.0
 69802991616.0
 35109388288.0
 16273444864.0
 6950850048.0
 2735694592.0
 992185856.0
 331661184.0
 102114344.0
 28960342.0
 7562537.0
 1816541.25
 402711.875
 81950.125
 15433.021484375
 2873.5244140625
 537.3187866210938
 65.52610778808594
 8.839340209960938
 6.9344964027404785
 6.085223197937012
 3.625680923461914
 9.24450969696045
 7.1959075927734375
 5.878033638000488
 6.8119049072265625
 6.804630756378174
 11.670976638793945
 16.077333450317383
 19.851909637451172
 5.2410197257995605
 1.1534993648529053
 2.2970292568206787
 4.869845390319824
 4.798682689666748
 4.2737884521484375
 7.473814487457275
 5.3111467361450195
 1.7853385210037231
 14.315645217895508
 22.68937110900879
 13.32326602935791
 0.8379558324813843
 3.5158073902130127
 6.171922206878662
 3.1195180416107178
 2.1936488151550293
 26.56800651550293
 139.6522979736328
 775.2207641601562
 4013.61572265625
 20441.966796875
 101791.375
 464043.8125
 1959189.75
 7614128.5
 27270698.0
 89929208.0
 273122656.0
 764411264.0
 1971310976.0
 4684907520.0
 10259378176.0
 20703713280.0
 38500802560.0
 65977090048.0
 104191426560.0
 151627300864.0
 203339939840.0
 251289731072.0
 286177329152.0
 300332941312.0
 290464825344.0
 258872164352.0
 212604125184.0
 160911998976.0
 112227778560.0
 72130576384.0
 42721861632.0
 23317442560.0
 11727931392.0
 5435941376.0
 2321990144.0
 913822720.0
 331390080.0
 110788480.0
 34130972.0
 9683024.0
 2528023.75
 608945.8125
 136912.1875
 28621.935546875
 5718.1162109375
 1113.3917236328125
 195.53607177734375
 17.351001739501953
 0.5352737903594971
 5.957942008972168
 6.663148880004883
 8.318543434143066
 17.54582405090332
 12.67572021484375
 9.089759826660156
 19.467098236083984
 14.123034477233887
 12.66418170928955
 15.074992179870605
 16.985145568847656
 7.257817268371582
 4.633120059967041
 5.359139919281006
 0.13078512251377106
 1.3851902484893799
 1.3359607458114624
 4.3689374923706055
 7.681179523468018
 6.84762716293335
 22.671770095825195
 34.06687927246094
 19.101701736450195
 3.7223362922668457
 5.085328578948975
 7.237741947174072
 10.988428115844727
 0.20923864841461182
 6.234405517578125
 26.19466209411621
 211.9730682373047
 1337.6044921875
 6764.625
 32744.29296875
 148189.046875
 624533.1875
 2416624.0
 8636649.0
 28462800.0
 86415840.0
 241837440.0
 623601792.0
 1482132224.0
 3245599744.0
 6549584384.0
 12179778560.0
 20872153088.0
 32960868352.0
 47967571968.0
 64327122944.0
 79501885440.0
 90539081728.0
 95018278912.0
 91897741312.0
 81900789760.0
 67260649472.0
 50905272320.0
 35503132672.0
 22818070528.0
 13514791936.0
 7375977472.0
 3710031616.0
 1719614464.0
 734495488.0
 289026944.0
 104817200.0
 35035792.0
 10795400.0
 3063993.0
 800963.125
 193473.59375
 43678.0234375
 9134.7900390625
 1869.93896484375
 356.63873291015625
 77.29644012451172
 17.873872756958008
 3.5240964889526367
 4.426130771636963
 0.4977874159812927
 1.3904874324798584
 4.813040733337402
 3.3417022228240967
 1.2120425701141357
 6.894366264343262
 12.11985969543457
 19.230831146240234
 20.49101448059082
 17.815135955810547
 9.460212707519531
 12.0211181640625
 19.123201370239258
 1.0171585083007812
 1.1865806579589844
 2.3426430225372314
 3.726252555847168
 2.590583562850952
 7.577553749084473
 17.280181884765625
 19.20306968688965
 9.179502487182617
 1.9893786907196045
 4.443899154663086
 7.640405654907227
 11.87397289276123
 1.4972476959228516
 0.08155981451272964
 3.5245187282562256
 61.053192138671875
 412.3394775390625
 2027.7373046875
 9839.197265625
 45068.36328125
 188766.03125
 726729.3125
 2592279.25
 8533889.0
 25901320.0
 72480096.0
 186865312.0
 444080128.0
 972414784.0
 1962213888.0
 3648907264.0
 6253137920.0
 9874859008.0
 14369475584.0
 19271979008.0
 23818764288.0
 27124645888.0
 28468719616.0
 27533035520.0
 24538284032.0
 20151455744.0
 15249993728.0
 10636091392.0
 6836261888.0
 4048931584.0
 2209828608.0
 1111346688.0
 515131552.0
 220076000.0
 86626984.0
 31421060.0
 10492986.0
 3232646.25
 917285.5
 239932.5
 58127.890625
 13143.0
 2764.002197265625
 566.7210083007812
 76.36884307861328
 6.350863456726074
 5.362777233123779
 5.850043773651123
 8.559842109680176
 2.220475912094116
 0.17735683917999268
 1.2433055639266968
 0.010426366701722145
 2.091042995452881
 2.915821075439453
 14.527276039123535
 18.719341278076172
 16.264747619628906
 12.617801666259766
 10.237258911132812
 15.052129745483398
 19.560436248779297
 5.330716133117676
 2.3205220699310303
 4.703993797302246
 7.742712497711182
 0.3699001669883728
 3.6186575889587402
 6.156557559967041
 11.302986145019531
 3.6838412284851074
 0.3192487061023712
 2.321681261062622
 7.520333766937256
 4.720283508300781
 0.9190327525138855
 0.2326485812664032
 4.528008937835693
 39.10749435424805
 151.55589294433594
 626.4520263671875
 2983.869384765625
 13331.1171875
 53870.23828125
 206565.515625
 737992.1875
 2426683.5
 7361861.5
 20603778.0
 53101708.0
 126087208.0
 276032736.0
 557073856.0
 1035614912.0
 1774339072.0
 2801916672.0
 4077220096.0
 5469135360.0
 6758336512.0
 7696875520.0
 8077885440.0
 7810882048.0
 6962264064.0
 5718113792.0
 4326935040.0
 3017876480.0
 1939608448.0
 1149095296.0
 627124160.0
 315415040.0
 146210560.0
 62444544.0
 24595622.0
 8930269.0
 2979903.5
 918124.4375
 260961.5
 68730.875
 16986.013671875
 3927.87646484375
 885.2570190429688
 196.41036987304688
 30.017213821411133
 4.144951343536377
 7.580789566040039
 11.841876983642578
 18.741899490356445
 12.208465576171875
 4.358536720275879
 9.289308547973633
 4.439338207244873
 3.1056642532348633
 10.098197937011719
 19.25806999206543
 11.788372993469238
 4.168787956237793
 2.21384859085083
 2.2994801998138428
 4.74794864654541
 7.009284496307373
 5.2292561531066895
 3.1581735610961914
 7.001039981842041
 11.200345993041992
 2.660334587097168
 0.5347217321395874
 13.573710441589355
 22.650554656982422
 12.709117889404297
 2.8658673763275146
 1.9162155389785767
 5.286955833435059
 8.392446517944336
 3.6244897842407227
 2.4320478439331055
 3.9549343585968018
 17.25605583190918
 49.267784118652344
 209.1124725341797
 897.8262939453125
 3719.650390625
 14619.439453125
 55926.84765625
 198961.078125
 653380.8125
 1980555.5
 5542885.0
 14278009.0
 33895516.0
 74176648.0
 149657408.0
 278247520.0
 476783904.0
 752748032.0
 1095401856.0
 1469393152.0
 1815629568.0
 2067394304.0
 2169046272.0
 2097570432.0
 1870039296.0
 1535937536.0
 1162705536.0
 810793664.0
 520887136.0
 308598880.0
 168555840.0
 84756704.0
 39276512.0
 16769932.0
 6604535.5
 2397895.25
 801202.25
 247502.359375
 70310.171875
 18457.474609375
 4554.271484375
 964.7675170898438
 173.55303955078125
 19.291568756103516
 6.244665145874023
 9.611116409301758
 4.059738636016846
 0.5237554907798767
 4.979109287261963
 7.268712520599365
 5.527234077453613
 7.483592987060547
 1.491278052330017
 5.106226444244385
 9.553200721740723
 29.267601013183594
 25.13323974609375
 17.62302589416504
 19.14924430847168
 26.421300888061523
 34.93177795410156
 39.098167419433594
 3.0345335006713867
 4.817557334899902
 8.472073554992676
 7.101365089416504
 1.281361699104309
 2.0971007347106934
 21.3070068359375
 24.934701919555664
 20.759727478027344
 12.09274959564209
 11.70710563659668
 15.248533248901367
 20.905059814453125
 24.726110458374023
 31.34920310974121
 12.989330291748047
 3.3734991550445557
 15.697561264038086
 92.5372543334961
 242.96575927734375
 861.529296875
 3741.60205078125
 14477.337890625
 50210.90234375
 165214.0625
 501440.15625
 1401609.5
 3610350.5
 8594927.0
 18848288.0
 38016824.0
 70653120.0
 121076088.0
 191378240.0
 278629056.0
 373370592.0
 461613184.0
 525434752.0
 551498176.0
 533042400.0
 475152512.0
 390424736.0
 295517760.0
 206080864.0
 132459512.0
 78489120.0
 42810568.0
 21521452.0
 9976582.0
 4258945.0
 1673489.375
 606584.5
 204481.328125
 63477.6796875
 18042.759765625
 4823.13134765625
 1226.7969970703125
 220.1256866455078
 26.928499221801758
 7.96556282043457
 17.491413116455078
 20.09270477294922
 16.623815536499023
 13.876001358032227
 14.672529220581055
 14.531293869018555
 14.255388259887695
 16.451248168945312
 10.551923751831055
 14.73303508758545
 16.93359375
 39.937889099121094
 33.636024475097656
 34.958274841308594
 52.021385192871094
 69.7251205444336
 63.18949890136719
 48.797874450683594
 0.626042902469635
 1.1121872663497925
 2.195216655731201
 2.0773916244506836
 4.607994556427002
 7.579978942871094
 14.384591102600098
 6.016425609588623
 5.5874834060668945
 3.169948101043701
 7.648353099822998
 11.568336486816406
 4.81559944152832
 11.90037727355957
 19.084991455078125
 8.155054092407227
 7.0500288009643555
 10.006519317626953
 34.920127868652344
 60.757354736328125
 219.7588348388672
 1011.7708740234375
 3722.71044921875
 12455.134765625
 40946.22265625
 122400.4453125
 337396.4375
 866992.6875
 2066067.125
 4528459.0
 9131764.0
 16979664.0
 29102340.0
 45964872.0
 66891132.0
 89772072.0
 110985864.0
 126376912.0
 132477392.0
 128089728.0
 114225936.0
 93966600.0
 71010328.0
 49524092.0
 31840144.0
 18874214.0
 10289794.0
 5166959.5
 2397219.0
 1024184.125
 401145.5
 144741.765625
 49027.17578125
 14851.978515625
 4043.2265625
 973.2045288085938
 189.6055145263672
 15.166728973388672
 4.187219619750977
 3.283179998397827
 0.9085482358932495
 1.6723817586898804
 1.0567736625671387
 5.845971584320068
 17.64329719543457
 21.181865692138672
 1.5402326583862305
 3.5760881900787354
 1.2284053564071655
 0.5794607996940613
 0.4137616753578186
 8.26404094696045
 6.540563106536865
 11.587158203125
 15.975506782531738
 27.80176544189453
 28.84880828857422
 18.089994430541992
