# [ph/s/.1%bw/mm^2] (C-aligned, inner loop is vs Photon Energy, outer loop vs Vertical Position)
#0.5 #Initial Photon Energy [eV]
#0.5 #Final Photon Energy [eV]
#1 #Number of points vs Photon Energy
#-0.006307692307692308 #Initial Horizontal Position [m]
#0.0063846153846153835 #Final Horizontal Position [m]
#56 #Number of points vs Horizontal Position
#-0.0038252508361204 #Initial Vertical Position [m]
#0.003866459627329194 #Final Vertical Position [m]
#54 #Number of points vs Vertical Position
 2.0678582191467285
 3.774110794067383
 18.424184799194336
 4.750759124755859
 0.2146085947751999
 3.1769094467163086
 2.775501012802124
 1.5909219980239868
 4.898151874542236
 4.4418230056762695
 6.925904273986816
 9.055729866027832
 4.191728115081787
 14.663093566894531
 8.932957649230957
 1.685086965560913
 7.115062236785889
 14.68574047088623
 29.261890411376953
 49.61788558959961
 133.14901733398438
 285.9928894042969
 760.2011108398438
 1102.0811767578125
 1533.645751953125
 3263.7041015625
 2946.64990234375
 3569.403076171875
 4078.95068359375
 3316.861572265625
 2400.908935546875
 1678.629150390625
 888.0784912109375
 469.52191162109375
 214.1823272705078
 88.90640258789062
 6.174609184265137
 9.967623710632324
 6.694790363311768
 9.799490928649902
 1.6330574750900269
 5.259268283843994
 8.568869590759277
 7.217657089233398
 8.287203788757324
 3.7918314933776855
 12.732592582702637
 9.987611770629883
 11.834592819213867
 2.8095343112945557
 7.017499923706055
 1.3430984020233154
 0.5592030882835388
 0.8040997982025146
 15.962626457214355
 10.583576202392578
 1.0075912475585938
 0.5224978923797607
 17.26792335510254
 7.204702854156494
 2.8756394386291504
 3.9429140090942383
 1.7937240600585938
 2.4833242893218994
 17.079938888549805
 8.963916778564453
 2.8416740894317627
 9.380082130432129
 10.10471248626709
 7.394493103027344
 5.127762317657471
 2.514331102371216
 24.908039093017578
 9.198210716247559
 4.823622226715088
 26.36743927001953
 78.22997283935547
 240.15280151367188
 415.3353576660156
 759.5011596679688
 1454.307373046875
 1696.4434814453125
 2474.3701171875
 3016.14013671875
 2727.3818359375
 2739.146484375
 1939.5859375
 1277.3359375
 992.0118408203125
 456.61456298828125
 183.76675415039062
 60.090023040771484
 18.72083282470703
 18.661752700805664
 0.32488590478897095
 11.621986389160156
 2.5651025772094727
 14.441938400268555
 9.083099365234375
 10.403635025024414
 5.792226791381836
 0.33935093879699707
 0.32605278491973877
 6.523647785186768
 11.130831718444824
 16.607702255249023
 14.48254680633545
 1.5660810470581055
 8.513839721679688
 3.8735508918762207
 10.142175674438477
 12.068617820739746
 5.703986167907715
 1.1305246353149414
 5.46738862991333
 1.586546540260315
 0.42363935708999634
 3.3409156799316406
 6.450940132141113
 1.8033766746520996
 10.241758346557617
 5.553123474121094
 4.880791187286377
 4.474780559539795
 9.047296524047852
 17.19639778137207
 6.0059943199157715
 6.54146671295166
 22.247766494750977
 21.390308380126953
 33.33537673950195
 19.368661880493164
 63.35507583618164
 152.2700958251953
 319.179931640625
 535.5914916992188
 1290.332275390625
 972.8428955078125
 1342.211181640625
 1146.443115234375
 1144.0142822265625
 1212.2156982421875
 653.2430419921875
 442.9989318847656
 290.11810302734375
 128.7631378173828
 58.47550964355469
 26.707603454589844
 19.70769500732422
 5.553972244262695
 0.6923635601997375
 3.8296608924865723
 0.1759255826473236
 2.972383737564087
 2.477682590484619
 4.80882453918457
 8.765443801879883
 8.57879638671875
 8.681024551391602
 8.0515775680542
 17.692886352539062
 3.0737497806549072
 9.452850341796875
 0.7258188128471375
 10.214789390563965
 2.3944571018218994
 2.6212430000305176
 1.2305995225906372
 17.537525177001953
 21.390169143676758
 10.373903274536133
 2.919607162475586
 1.4173781871795654
 0.305307537317276
 0.3566969037055969
 1.9341437816619873
 7.553767204284668
 13.967082977294922
 10.712164878845215
 3.6729538440704346
 2.8119864463806152
 10.775581359863281
 8.490306854248047
 17.442955017089844
 10.639333724975586
 20.362415313720703
 49.987918853759766
 29.38532257080078
 30.89118194580078
 81.75887298583984
 190.55291748046875
 199.97637939453125
 283.6304931640625
 471.87579345703125
 685.4166259765625
 882.8817138671875
 1191.233642578125
 912.862548828125
 333.13311767578125
 396.7213439941406
 427.8357849121094
 143.7947998046875
 57.055274963378906
 29.210233688354492
 6.8224029541015625
 10.416805267333984
 7.0174431800842285
 8.331720352172852
 3.26613712310791
 0.05878112465143204
 0.5942474603652954
 4.228851318359375
 9.755117416381836
 15.65250015258789
 13.487126350402832
 28.772005081176758
 35.23243713378906
 6.567527770996094
 8.691953659057617
 0.16788411140441895
 18.486286163330078
 1.5363537073135376
 18.560443878173828
 8.892130851745605
 1.3165082931518555
 4.290013313293457
 11.299395561218262
 5.3298749923706055
 7.253457069396973
 2.6847636699676514
 0.6353075504302979
 4.461261749267578
 14.509366989135742
 11.364126205444336
 3.2261314392089844
 3.482301712036133
 5.857850074768066
 4.035590171813965
 1.117173671722412
 4.399982452392578
 1.6984268426895142
 3.470928192138672
 25.836843490600586
 32.83713150024414
 84.68206787109375
 304.32269287109375
 480.4759521484375
 621.892333984375
 1214.7989501953125
 1715.168701171875
 2064.254150390625
 2431.5537109375
 1762.47900390625
 1178.81103515625
 1675.262939453125
 1233.160888671875
 787.571044921875
 308.9611511230469
 123.04203796386719
 83.1031494140625
 21.517536163330078
 14.995965957641602
 0.9758868217468262
 5.193492412567139
 1.8348040580749512
 0.24590247869491577
 0.3432236313819885
 0.24575047194957733
 2.4941561222076416
 5.2718305587768555
 10.601103782653809
 8.545580863952637
 12.747288703918457
 4.441891670227051
 1.0854548215866089
 0.8202937245368958
 17.889158248901367
 1.8177454471588135
 6.708115100860596
 1.8760154247283936
 0.5821723341941833
 4.898754596710205
 20.543800354003906
 18.9409122467041
 23.443862915039062
 27.512298583984375
 11.486226081848145
 6.841811656951904
 1.5272213220596313
 3.277967691421509
 6.576177597045898
 5.232542037963867
 5.848669052124023
 6.2086591720581055
 3.2852044105529785
 1.0752495527267456
 0.5593650341033936
 5.441826343536377
 15.297785758972168
 55.20134735107422
 107.87762451171875
 278.255615234375
 586.9155883789062
 544.970458984375
 1063.726318359375
 1869.536865234375
 2060.0986328125
 2447.356201171875
 2940.22509765625
 2049.194580078125
 1650.456787109375
 1627.296142578125
 709.765380859375
 392.8013916015625
 211.94154357910156
 113.592041015625
 58.475059509277344
 51.415122985839844
 22.491405487060547
 2.4869015216827393
 4.95796012878418
 3.3985114097595215
 0.22936919331550598
 0.49192124605178833
 9.461447715759277
 20.76888656616211
 22.540237426757812
 38.875282287597656
 35.63595199584961
 16.832618713378906
 5.203813076019287
 2.0380725860595703
 31.715280532836914
 17.457866668701172
 28.564456939697266
 5.929565906524658
 11.318066596984863
 10.526251792907715
 5.970517158508301
 1.9071297645568848
 1.9298404455184937
 2.2185230255126953
 10.793802261352539
 12.463176727294922
 5.23356819152832
 8.758112907409668
 2.103187084197998
 3.1154048442840576
 3.823911190032959
 2.5409300327301025
 4.079174041748047
 3.5057296752929688
 15.230996131896973
 50.380733489990234
 132.1868896484375
 435.0333251953125
 1069.8392333984375
 2546.11181640625
 5485.6328125
 9228.287109375
 13766.8271484375
 20553.517578125
 23893.47265625
 26525.33984375
 24455.96875
 23137.3515625
 18693.55859375
 12125.49609375
 7448.1572265625
 4219.72216796875
 1877.5966796875
 723.7190551757812
 322.0421142578125
 169.43507385253906
 44.06122589111328
 9.950614929199219
 5.290951728820801
 3.7478413581848145
 2.0900213718414307
 3.481241226196289
 7.704579830169678
 9.927736282348633
 11.37385368347168
 19.787124633789062
 25.31544303894043
 12.21812629699707
 3.0252859592437744
 0.34813350439071655
 31.337482452392578
 9.130633354187012
 18.331472396850586
 2.8445563316345215
 15.833569526672363
 16.279722213745117
 10.875154495239258
 0.007201837375760078
 3.299166202545166
 8.050559997558594
 19.782482147216797
 7.57574462890625
 14.600503921508789
 8.720077514648438
 0.30219852924346924
 5.324831962585449
 6.700047016143799
 7.547904968261719
 32.28955841064453
 51.53349685668945
 209.9834442138672
 814.8687744140625
 2481.20751953125
 7880.955078125
 20333.103515625
 47881.08984375
 97561.5
 175945.8125
 280668.125
 391883.875
 495449.0625
 543770.5
 521126.78125
 459749.1875
 358222.8125
 245975.484375
 149327.0625
 80073.25
 36919.09765625
 14933.0390625
 5566.25244140625
 1874.5966796875
 419.5700378417969
 104.04557800292969
 25.380775451660156
 3.0080182552337646
 5.576406002044678
 3.3904197216033936
 11.480936050415039
 19.597734451293945
 35.80805206298828
 22.799753189086914
 24.147533416748047
 31.172754287719727
 3.5863840579986572
 3.4760971069335938
 22.440942764282227
 12.233281135559082
 13.847517967224121
 12.024669647216797
 37.57830810546875
 34.602359771728516
 38.642120361328125
 14.458778381347656
 7.596251964569092
 8.479341506958008
 1.0869508981704712
 0.6530803442001343
 5.819626808166504
 6.672110557556152
 7.747841835021973
 10.361019134521484
 13.427873611450195
 26.28190040588379
 163.70761108398438
 575.6895751953125
 2665.978515625
 10142.146484375
 31817.888671875
 96716.03125
 248442.921875
 565748.6875
 1157044.5
 2069045.0
 3284161.25
 4657396.0
 5804740.5
 6424037.5
 6292955.5
 5443927.5
 4186870.25
 2881948.25
 1730960.625
 927252.4375
 438199.09375
 181274.015625
 67522.09375
 22360.9921875
 6403.44482421875
 1704.947509765625
 414.63836669921875
 124.4024887084961
 39.06318664550781
 24.972810745239258
 12.882430076599121
 9.035810470581055
 5.9356465339660645
 11.27306842803955
 29.7667236328125
 16.074674606323242
 15.458295822143555
 18.575336456298828
 27.68613052368164
 6.751282215118408
 15.330973625183105
 7.380505561828613
 26.64798927307129
 9.135790824890137
 8.762638092041016
 1.769720435142517
 1.2234972715377808
 2.4675779342651367
 19.537277221679688
 2.8853042125701904
 13.982976913452148
 7.768827438354492
 3.1937456130981445
 15.698204040527344
 59.5204963684082
 246.3981170654297
 1446.102294921875
 6656.3525390625
 28861.37890625
 108652.6484375
 354771.71875
 1042238.375
 2679090.5
 6119503.5
 12419086.0
 22238168.0
 35371620.0
 49816932.0
 62189984.0
 68789392.0
 67368840.0
 58500740.0
 45005688.0
 30705808.0
 18528746.0
 9918999.0
 4701818.5
 1969924.75
 732863.5625
 241598.703125
 69742.3359375
 18090.3203125
 4066.653076171875
 893.1689453125
 180.6066436767578
 49.90233612060547
 25.19776725769043
 12.441324234008789
 15.879024505615234
 0.34537577629089355
 12.423919677734375
 11.966629028320312
 16.388853073120117
 26.282176971435547
 6.588983058929443
 1.2876962423324585
 8.597390174865723
 17.039310455322266
 14.60757827758789
 16.44768524169922
 11.014603614807129
 1.4478375911712646
 8.422736167907715
 11.990376472473145
 33.4171142578125
 18.627777099609375
 16.13718032836914
 11.684930801391602
 9.844135284423828
 69.25367736816406
 435.6960754394531
 2525.28173828125
 14486.5986328125
 67747.875
 285213.03125
 1064883.25
 3494327.5
 10198062.0
 26286856.0
 60082384.0
 121686616.0
 218318480.0
 347098880.0
 488691648.0
 609853696.0
 674535744.0
 661136512.0
 574151808.0
 442040416.0
 301239680.0
 182057456.0
 97473336.0
 46209512.0
 19421284.0
 7235986.0
 2385650.25
 696552.875
 180090.9375
 41175.671875
 8483.931640625
 1540.7772216796875
 277.6095886230469
 70.27198028564453
 27.51790428161621
 22.00939178466797
 5.156508445739746
 18.205224990844727
 20.856781005859375
 14.550649642944336
 18.791349411010742
 12.157917022705078
 5.115473747253418
 21.78408432006836
 25.551170349121094
 22.258708953857422
 10.035665512084961
 7.9168195724487305
 3.5373048782348633
 1.0113134384155273
 0.7645610570907593
 15.31057357788086
 5.971110820770264
 6.976155757904053
 18.243471145629883
 75.40928649902344
 593.6279296875
 3864.26220703125
 22691.22265625
 123443.8203125
 582250.625
 2441197.5
 9061888.0
 29737936.0
 86630352.0
 223295088.0
 510218496.0
 1033020224.0
 1853141760.0
 2945875200.0
 4149131264.0
 5178920448.0
 5729316352.0
 5614153728.0
 4875075584.0
 3752090368.0
 2558504448.0
 1545938816.0
 827821952.0
 392611104.0
 165082768.0
 61510872.0
 20299808.0
 5939239.0
 1537230.375
 351499.1875
 71963.96875
 12654.6640625
 2121.455322265625
 306.08489990234375
 46.377891540527344
 9.308816909790039
 6.018200874328613
 12.26279067993164
 4.231130123138428
 17.84930992126465
 17.47038459777832
 16.712116241455078
 2.2883212566375732
 12.534299850463867
 8.549054145812988
 31.914899826049805
 18.46964454650879
 13.827241897583008
 4.533176422119141
 1.8262778520584106
 2.12919282913208
 11.184501647949219
 7.259476661682129
 31.36321258544922
 91.07813262939453
 620.98876953125
 4578.17529296875
 29361.828125
 171442.796875
 915889.625
 4317012.0
 18066466.0
 67020840.0
 220034832.0
 640477376.0
 1651236992.0
 3772386816.0
 7638137856.0
 13702778880.0
 21781694464.0
 30681878528.0
 38296649728.0
 42358358016.0
 41511804928.0
 36051070976.0
 27742015488.0
 18916845568.0
 11430228992.0
 6119612416.0
 2903248640.0
 1220521984.0
 454626912.0
 150037744.0
 43865120.0
 11363192.0
 2604383.5
 530736.0625
 95234.9453125
 15565.337890625
 2310.14697265625
 341.4326171875
 75.25349426269531
 5.224339008331299
 9.312183380126953
 18.37803840637207
 21.34754753112793
 23.855464935302734
 3.449354410171509
 5.532508850097656
 8.618639945983887
 16.271282196044922
 16.460689544677734
 16.67294692993164
 21.6529541015625
 16.09775161743164
 3.5796289443969727
 1.2148102521896362
 10.10537338256836
 15.200249671936035
 62.04438781738281
 484.68377685546875
 3848.71875
 28293.140625
 186635.046875
 1110314.5
 5926410.5
 27961864.0
 116968896.0
 433689184.0
 1424075520.0
 4144251392.0
 10685078528.0
 24412119040.0
 49423802368.0
 88665079808.0
 140942409728.0
 198525517824.0
 247796531200.0
 274068799488.0
 268594675712.0
 233262268416.0
 179505709056.0
 122396672000.0
 73957744640.0
 39597875200.0
 18785890304.0
 7897644032.0
 2942003456.0
 971108224.0
 284047968.0
 73619200.0
 16907096.0
 3445700.5
 621666.625
 100815.453125
 14542.21875
 2047.646484375
 297.9391174316406
 41.9677848815918
 19.733001708984375
 15.980621337890625
 18.463340759277344
 10.171859741210938
 8.589747428894043
 1.764073371887207
 25.83017921447754
 15.566203117370605
 8.961267471313477
 2.4347217082977295
 8.56026554107666
 2.8654117584228516
 5.559758186340332
 10.78123950958252
 28.67461585998535
 50.839942932128906
 292.22442626953125
 2503.61376953125
 20368.0625
 154967.015625
 1045810.5
 6279196.5
 33509532.0
 158254608.0
 661910208.0
 2453249792.0
 8055469056.0
 23439454208.0
 60433629184.0
 138071375872.0
 279526604800.0
 501452898304.0
 797114695680.0
 1122794733568.0
 1401434406912.0
 1550011727872.0
 1519070740480.0
 1319217922048.0
 1015183048704.0
 692235534336.0
 418273886208.0
 223951355904.0
 106249535488.0
 44667924480.0
 16640362496.0
 5493044224.0
 1606854400.0
 416512448.0
 95659704.0
 19480962.0
 3512700.5
 564080.0
 79639.546875
 10196.7705078125
 1112.1031494140625
 75.27059936523438
 4.578568458557129
 1.1633765697479248
 5.110483169555664
 4.113837718963623
 15.415135383605957
 6.183453559875488
 13.695514678955078
 18.88936424255371
 19.29519271850586
 14.930556297302246
 11.69267463684082
 11.349498748779297
 15.623863220214844
 30.60745620727539
 48.21397399902344
 164.4393310546875
 1301.54345703125
 11751.78515625
 100462.4453125
 765971.875
 5180215.5
 31099210.0
 165734832.0
 782280960.0
 3271522560.0
 12124476416.0
 39811842048.0
 115840794624.0
 298674159616.0
 682377084928.0
 1381470306304.0
 2478259568640.0
 3939468836864.0
 5549048987648.0
 6926146469888.0
 7660378783744.0
 7507523141632.0
 6519814881280.0
 5017207570432.0
 3421176594432.0
 2067185664000.0
 1106801590272.0
 525106053120.0
 220757311488.0
 82238062592.0
 27147130880.0
 7940821504.0
 2058302080.0
 472732480.0
 96219328.0
 17346938.0
 2773828.0
 391557.875
 49567.109375
 5514.046875
 498.1181640625
 46.86880874633789
 23.187671661376953
 14.693838119506836
 11.153529167175293
 8.396597862243652
 5.637596607208252
 31.131851196289062
 28.074451446533203
 16.039356231689453
 11.598207473754883
 8.657275199890137
 11.025941848754883
 1.5070487260818481
 6.868129730224609
 40.63236999511719
 489.913818359375
 5031.11572265625
 49841.578125
 433817.6875
 3309645.5
 22399584.0
 134442000.0
 715957056.0
 3378936576.0
 14130527232.0
 52366041088.0
 171952766976.0
 500336623616.0
 1290036051968.0
 2947330605056.0
 5966845181952.0
 10704074571776.0
 17015400038400.0
 23967599427584.0
 29915409809408.0
 33086746132480.0
 32426602528768.0
 28160456392704.0
 21670305726464.0
 14776735367168.0
 8928563822592.0
 4780508315648.0
 2268055994368.0
 953497026560.0
 355203153920.0
 117252415488.0
 34296930304.0
 8889488384.0
 2041666560.0
 415517632.0
 74910392.0
 11977717.0
 1691475.125
 213426.265625
 23614.015625
 2530.563232421875
 278.6441650390625
 67.68980407714844
 31.064056396484375
 12.944896697998047
 2.536555528640747
 1.0465656518936157
 31.639305114746094
 24.7018985748291
 12.876144409179688
 10.593053817749023
 4.5674285888671875
 5.953862190246582
 0.08479352295398712
 9.351512908935547
 96.92816162109375
 1601.920654296875
 19008.9140625
 188451.90625
 1630664.25
 12470139.0
 84474784.0
 507380032.0
 2702320896.0
 12754309120.0
 53338324992.0
 197662523392.0
 649066643456.0
 1888604913664.0
 4869464784896.0
 11125233025024.0
 22522938523648.0
 40404535738368.0
 64227754639360.0
 90469946097664.0
 112920998445056.0
 124891827273728.0
 122400100319232.0
 106296539873280.0
 81798491013120.0
 55777536507904.0
 33702507708416.0
 18044915023872.0
 8561186832384.0
 3599164243968.0
 1340779134976.0
 442588790784.0
 129459159040.0
 33554749440.0
 7706342912.0
 1568321152.0
 282848288.0
 45211752.0
 6397465.5
 805743.5
 89404.375
 8662.916015625
 726.6650390625
 89.34076690673828
 10.568488121032715
 15.217475891113281
 1.7238696813583374
 1.7366864681243896
 36.85432052612305
 42.48204040527344
 6.453642845153809
 13.662347793579102
 1.5427956581115723
 5.854629993438721
 2.2924084663391113
 38.05872344970703
 408.4992370605469
 5764.99560546875
 63443.78125
 621224.75
 5375745.0
 41112112.0
 278600384.0
 1673742464.0
 8914435072.0
 42073317376.0
 175952822272.0
 652050759680.0
 2141152477184.0
 6230159392768.0
 16063483871232.0
 36700101279744.0
 74299058683904.0
 133287053885440.0
 211875635658752.0
 298443486527488.0
 372505265045504.0
 411995140521984.0
 403775411978240.0
 350652706324480.0
 269838031257600.0
 183999838289920.0
 111178567122944.0
 59526829047808.0
 28241813307392.0
 11873008222208.0
 4422998425600.0
 1460028309504.0
 427064229888.0
 110691762176.0
 25422817280.0
 5173883392.0
 933104960.0
 149125008.0
 21106934.0
 2653207.5
 294402.125
 28822.4921875
 2409.614013671875
 256.5361328125
 15.918218612670898
 7.830336570739746
 0.2725125849246979
 0.6898103952407837
 21.88398551940918
 20.90875244140625
 8.809944152832031
 26.64426612854004
 2.042022228240967
 2.904749870300293
 3.6743557453155518
 106.2837905883789
 1410.71484375
 17177.90234375
 184115.0
 1790317.625
 15483657.0
 118447624.0
 803168384.0
 4825894912.0
 25700960256.0
 121297846272.0
 507272986624.0
 1879842488320.0
 6172853141504.0
 17961322545152.0
 46310384205824.0
 105804975833088.0
 214201259786240.0
 384260959633408.0
 610828369788928.0
 860400597860352.0
 1073917917659136.0
 1187764481556480.0
 1164068341678080.0
 1010916988551168.0
 777931521523712.0
 530464095862784.0
 320523208753152.0
 171613605593088.0
 81420064129024.0
 34229406662656.0
 12751340568576.0
 4209209507840.0
 1231208579072.0
 319118049280.0
 73293586432.0
 14916415488.0
 2689870336.0
 429863104.0
 60836812.0
 7638715.5
 844450.6875
 83241.8359375
 7082.4091796875
 666.5648193359375
 56.79404830932617
 12.160669326782227
 2.135274887084961
 1.9412198066711426
 0.3590080440044403
 4.15118932723999
 2.337264060974121
 11.94691276550293
 0.4744599461555481
 6.449170112609863
 11.943445205688477
 317.2406005859375
 3388.28515625
 41892.6875
 463968.875
 4512310.0
 38971760.0
 298344832.0
 2023392256.0
 12159112192.0
 64756105216.0
 305618485248.0
 1278101946368.0
 4736334430208.0
 15552702578688.0
 45254078103552.0
 116680319565824.0
 266578469847040.0
 539685860409344.0
 968156159934464.0
 1538998451306496.0
 2167802064535552.0
 2705764166664192.0
 2992603825963008.0
 2932900022452224.0
 2547033181257728.0
 1960019331383296.0
 1336518929022976.0
 807567131410432.0
 432384960888832.0
 205140086751232.0
 86242028945408.0
 32127336841216.0
 10605190709248.0
 3102058479616.0
 804027236352.0
 184664031232.0
 37581791232.0
 6777607680.0
 1083094272.0
 153387680.0
 19263798.0
 2137342.25
 209400.5
 18046.4140625
 1547.8677978515625
 45.076290130615234
 0.24735231697559357
 0.5135360956192017
 0.08790992200374603
 11.592509269714355
 42.278018951416016
 5.822032928466797
 12.789352416992188
 13.651379585266113
 52.95109558105469
 63.17156982421875
 710.1976318359375
 7878.541015625
 94925.25
 1023303.0
 9926215.0
 85810344.0
 657017472.0
 4455306240.0
 26772623360.0
 142584512512.0
 672938917888.0
 2814265262080.0
 10429006872576.0
 34245783322624.0
 99645690740736.0
 256920178917376.0
 586983315341312.0
 1188341886222336.0
 2131795743080448.0
 3388739933962240.0
 4773313373011968.0
 5957858373926912.0
 6589452642156544.0
 6457991746289664.0
 5608342525313024.0
 4315792518676480.0
 2942898706317312.0
 1778192159342592.0
 952074393092096.0
 451700972322816.0
 189897600139264.0
 70741752020992.0
 23351751868416.0
 6830479638528.0
 1770402873344.0
 406614704128.0
 82752356352.0
 14923268096.0
 2384831488.0
 337724416.0
 42399560.0
 4705188.0
 466109.15625
 41446.51953125
 3677.688232421875
 281.0811462402344
 22.801616668701172
 12.97401237487793
 9.027800559997559
 6.717950820922852
 43.54344940185547
 10.754291534423828
 31.03136444091797
 1.8420634269714355
 41.978370666503906
 129.61512756347656
 1221.4537353515625
 16225.8193359375
 185878.359375
 1973991.875
 19099172.0
 165080768.0
 1264107648.0
 8573053952.0
 51519086592.0
 274382897152.0
 1294965800960.0
 5415600390144.0
 20068943527936.0
 65900493406208.0
 191752354922496.0
 494402074050560.0
 1129555863535616.0
 2286775879860224.0
 4102302042423296.0
 6521087500222464.0
 9185475831005184.0
 1.1464938455302144e+16
 1.268034333310976e+16
 1.2427371906859008e+16
 1.0792357314166784e+16
 8305051558739968.0
 5663138791817216.0
 3421847957798912.0
 1832115742179328.0
 869227493851136.0
 365427930693632.0
 136131362422784.0
 44936808366080.0
 13144214732800.0
 3406862745600.0
 782463336448.0
 159243829248.0
 28716474368.0
 4588856320.0
 649620352.0
 81565168.0
 9049024.0
 892721.9375
 79388.796875
 6805.6689453125
 629.70263671875
 94.36479949951172
 67.01969146728516
 27.625505447387695
 18.019725799560547
 3.3733925819396973
 9.610103607177734
 2.2029528617858887
 13.461164474487305
 81.21575164794922
 286.5061340332031
 2186.653076171875
 25412.669921875
 307364.1875
 3309652.0
 32144258.0
 277574272.0
 2125701504.0
 14417252352.0
 86641459200.0
 461455032320.0
 2177837432832.0
 9107745538048.0
 33751117594624.0
 110828695060480.0
 322480874979328.0
 831464329445376.0
 1899638802087936.0
 3845799884619776.0
 6899074150170624.0
 1.096688760520704e+16
 1.5447733569585152e+16
 1.928124635807744e+16
 2.132525135901491e+16
 2.089980263609139e+16
 1.8150117328551936e+16
 1.3967079027769344e+16
 9524022333145088.0
 5754717158244352.0
 3081174104670208.0
 1461829834375168.0
 614561233240064.0
 228939792384000.0
 75572810088448.0
 22105380880384.0
 5729525170176.0
 1315914252288.0
 267807309824.0
 48297451520.0
 7718323200.0
 1092859008.0
 137251808.0
 15269819.0
 1502360.5
 133198.984375
 11321.3681640625
 706.630615234375
 50.24028778076172
 37.238590240478516
 7.623455047607422
 12.580381393432617
 0.03714471310377121
 34.60467529296875
 32.819915771484375
 62.511878967285156
 170.69598388671875
 291.8931884765625
 2984.235595703125
 36667.98828125
 452966.625
 4864199.5
 47282688.0
 408321888.0
 3125029120.0
 21190776832.0
 127343476736.0
 678216335360.0
 3200872087552.0
 13386179936256.0
 49605966299136.0
 162891449761792.0
 473968565813248.0
 1222051473915904.0
 2792008720580608.0
 5652389562417152.0
 1.0139953929388032e+16
 1.6118650410893312e+16
 2.2704404012466176e+16
 2.8338726794952704e+16
 3.1342916832067584e+16
 3.0717623280861184e+16
 2.6676260918788096e+16
 2.052820421312512e+16
 1.3997994202365952e+16
 8458030240759808.0
 4528575935938560.0
 2148532559544320.0
 903255311777792.0
 336485890916352.0
 111073692745728.0
 32489531768832.0
 8421014241280.0
 1934079950848.0
 393611706368.0
 70986629120.0
 11345271808.0
 1606861696.0
 201736800.0
 22444032.0
 2211876.5
 195486.625
 16708.68359375
 950.253662109375
 67.54818725585938
 24.65639877319336
 6.8973846435546875
 28.80510139465332
 6.085453510284424
 117.44701385498047
 105.30249786376953
 60.52479934692383
 47.03955078125
 198.75148010253906
 3229.2724609375
 49557.625
 588019.125
 6279095.0
 60748468.0
 524654752.0
 4014154752.0
 27219091456.0
 163574284288.0
 871158120448.0
 4111451553792.0
 17194281861120.0
 63717962153984.0
 209231009546240.0
 608803762470912.0
 1569700488151040.0
 3586279975419904.0
 7260389884559360.0
 1.3024582814400512e+16
 2.070409171383091e+16
 2.9163369105719296e+16
 3.640053932333466e+16
 4.025937416526234e+16
 3.945616803627008e+16
 3.4265137418338304e+16
 2.6368075540463616e+16
 1.7980143997812736e+16
 1.08641734623232e+16
 5816868019372032.0
 2759750563397632.0
 1160213876965376.0
 432209706090496.0
 142672085909504.0
 41732242669568.0
 10816654934016.0
 2484290715648.0
 505591136256.0
 91178991616.0
 14572541952.0
 2063886464.0
 259088528.0
 28784656.0
 2819444.5
 250265.96875
 20050.9375
 917.9788818359375
 78.87212371826172
 42.70420837402344
 14.966012001037598
 7.5694475173950195
 4.7336201667785645
 112.398681640625
 56.460357666015625
 74.37977600097656
 4.030722141265869
 380.05511474609375
 3913.54736328125
 55741.4609375
 658397.125
 7048393.5
 68113912.0
 588445120.0
 4505234432.0
 30553767936.0
 183618355200.0
 977946345472.0
 4615404257280.0
 19301637554176.0
 71527336771584.0
 234874514440192.0
 683418954235904.0
 1762084152934400.0
 4025815117332480.0
 8150222282686464.0
 1.4620880424402944e+16
 2.3241597047013376e+16
 3.273762370958131e+16
 4.086181204800307e+16
 4.519357003386061e+16
 4.42919533192151e+16
 3.846467483598848e+16
 2.959975496286208e+16
 2.018380367056077e+16
 1.2195703518396416e+16
 6529785882738688.0
 3097987022585856.0
 1302411117330432.0
 485181584572416.0
 160157988290560.0
 46846957322240.0
 12142328676352.0
 2788761272320.0
 567561027584.0
 102355787776.0
 16359445504.0
 2316696320.0
 290846432.0
 32319482.0
 3174628.75
 287753.71875
 23302.205078125
 1359.662109375
 43.870845794677734
 35.997589111328125
 45.12970733642578
 44.277687072753906
 2.3420379161834717
 117.0243911743164
 82.29862976074219
 24.045591354370117
 30.623493194580078
 563.7199096679688
 4560.24609375
 55615.625
 640487.5
 6880759.5
 66777856.0
 577248128.0
 4420086784.0
 29974704128.0
 180136001536.0
 959405752320.0
 4527955640320.0
 18935938285568.0
 70171997765632.0
 230424156569600.0
 670469359403008.0
 1728695614046208.0
 3949534082236416.0
 7995789217366016.0
 1.434383785394176e+16
 2.2801203985383424e+16
 3.211730587798733e+16
 4.008754540865126e+16
 4.433722656948224e+16
 4.345268664480563e+16
 3.773584465566106e+16
 2.903888806857933e+16
 1.98013561602048e+16
 1.1964617098002432e+16
 6406054854262784.0
 3039283946455040.0
 1277732906336256.0
 475988307738624.0
 157123208019968.0
 45959228686336.0
 11912180924416.0
 2735908585472.0
 556803817472.0
 100415045632.0
 16048882688.0
 2272753664.0
 285355264.0
 31689828.0
 3131905.5
 284463.34375
 25179.373046875
 2009.3876953125
 109.83749389648438
 47.618831634521484
 22.928558349609375
 41.98782730102539
 23.6409912109375
 37.4005126953125
 56.47148132324219
 50.410465240478516
 16.675033569335938
 270.2470397949219
 4000.7119140625
 48666.81640625
 549055.375
 5909777.5
 57337300.0
 495229920.0
 3790109440.0
 25699510272.0
 154448478208.0
 822573203456.0
 3882162061312.0
 16235308777472.0
 60164069654528.0
 197561247858688.0
 574847885246464.0
 1482150532612096.0
 3386256905994240.0
 6855442114281472.0
 1.2298133119696896e+16
 1.9549323184308224e+16
 2.753677479641088e+16
 3.437029539761357e+16
 3.801392231324058e+16
 3.725553416798208e+16
 3.235397575586611e+16
 2.489739713393459e+16
 1.6977312083869696e+16
 1.0258235181236224e+16
 5492433169154048.0
 2605824841089024.0
 1095503886417920.0
 408103262617600.0
 134714501365760.0
 39404651413504.0
 10213294866432.0
 2345711697920.0
 477389324288.0
 86093578240.0
 13758251008.0
 1948386304.0
 244696288.0
 27153908.0
 2673971.75
 241032.25
 22191.54296875
 1379.6729736328125
 103.07476043701172
 83.67620086669922
 30.29444694519043
 38.18027877807617
 5.7356343269348145
 42.730464935302734
 41.80918502807617
 35.9676513671875
 38.6160888671875
 68.71519470214844
 2612.08544921875
 34822.3125
 417496.75
 4464163.0
 43010192.0
 370961344.0
 2839516928.0
 19255709696.0
 115727695872.0
 616363065344.0
 2908908945408.0
 12165117378560.0
 45080991760384.0
 148032741965824.0
 430733915062272.0
 1110577141252096.0
 2537326823604224.0
 5136790012821504.0
 9215006952390656.0
 1.4648336002842624e+16
 2.063335360246579e+16
 2.5753723418443776e+16
 2.848387091975373e+16
 2.791562527165645e+16
 2.424289136266445e+16
 1.865565001167667e+16
 1.272111331016704e+16
 7686506474897408.0
 4115487323586560.0
 1952546356723712.0
 820861800022016.0
 305792074907648.0
 100941579681792.0
 29525895282688.0
 7652856823808.0
 1757646946304.0
 357711740928.0
 64513900544.0
 10309745664.0
 1459816448.0
 183283104.0
 20355888.0
 2011703.875
 182727.734375
 16502.724609375
 1278.618896484375
 75.07980346679688
 58.14643859863281
 131.82046508789062
 74.90321350097656
 2.738147735595703
 81.03146362304688
 26.534719467163086
 8.480531692504883
 14.449305534362793
 66.89078521728516
 1446.936279296875
 22109.552734375
 273360.40625
 2919133.75
 28158548.0
 242929584.0
 1859240064.0
 12609329152.0
 75783372800.0
 403619151872.0
 1904878813184.0
 7966260985856.0
 29521038278656.0
 96938477223936.0
 282064024764416.0
 727256074813440.0
 1661554940444672.0
 3363800132616192.0
 6034404354818048.0
 9592392843788288.0
 1.3511651433119744e+16
 1.68646991151104e+16
 1.8652531865419776e+16
 1.828040945644339e+16
 1.5875341587316736e+16
 1.2216563100811264e+16
 8330360190402560.0
 5033471890161664.0
 2695007152635904.0
 1278616193204224.0
 537537168801792.0
 200246625828864.0
 66101161492480.0
 19334801915904.0
 5011411042304.0
 1150984519680.0
 234246537216.0
 42245996544.0
 6751344640.0
 955979968.0
 119981848.0
 13345871.0
 1327138.25
 119161.1796875
 9943.4677734375
 1014.9635009765625
 76.0013198852539
 10.277961730957031
 70.01936340332031
 55.652061462402344
 7.215466022491455
 43.07504653930664
 1.9128726720809937
 4.0963029861450195
 5.412272930145264
 123.45170593261719
 939.8726196289062
 13040.9501953125
 153079.3125
 1655931.75
 16119942.0
 139136176.0
 1064033152.0
 7216585216.0
 43371413504.0
 230986727424.0
 1090149613568.0
 4559043297280.0
 16894705795072.0
 55477295644672.0
 161423661465600.0
 416204711788544.0
 950899383992320.0
 1925087691276288.0
 3453459990839296.0
 5489682242600960.0
 7732650529783808.0
 9651590378029056.0
 1.0674757888376832e+16
 1.0461797303713792e+16
 9085384839397376.0
 6991483055898624.0
 4767427657203712.0
 2880631612637184.0
 1542338593685504.0
 731745859141632.0
 307629716930560.0
 114600137719808.0
 37829388271616.0
 11065224069120.0
 2868000325632.0
 658699124736.0
 134056181760.0
 24175128576.0
 3863172096.0
 547138624.0
 68674048.0
 7650741.5
 756265.25
 66743.3046875
 5168.25537109375
 275.3789978027344
 8.791532516479492
 2.3200223445892334
 16.460405349731445
 36.79135513305664
 30.72650909423828
 46.094520568847656
 6.302156448364258
 2.0208702087402344
 0.6398431062698364
 50.716796875
 522.6213989257812
 6488.0869140625
 75951.921875
 829329.9375
 8059257.5
 69523760.0
 532099104.0
 3609375744.0
 21691179008.0
 115528065024.0
 545242677248.0
 2280209514496.0
 8449918763008.0
 27747072081920.0
 80736308690944.0
 208165438226432.0
 475593875390464.0
 962835836305408.0
 1727254115647488.0
 2745674344955904.0
 3867502622801920.0
 4827260846604288.0
 5338999220600832.0
 5232486716014592.0
 4544072714813440.0
 3496802116435968.0
 2384438335897600.0
 1440752953458688.0
 771402969907200.0
 365983692750848.0
 153861465571328.0
 57317382946816.0
 18920373223424.0
 5534281367552.0
 1434437550080.0
 329449668608.0
 67048521728.0
 12091362304.0
 1932381440.0
 273649728.0
 34303784.0
 3814811.25
 375725.75
 33572.6328125
 2680.97216796875
 130.48252868652344
 0.46054989099502563
 3.911235809326172
 31.518356323242188
 33.65935516357422
 21.29401969909668
 20.335790634155273
 3.8776328563690186
 3.1691102981567383
 4.594900608062744
 8.288593292236328
 172.2399139404297
 2669.8505859375
 32745.55859375
 362645.8125
 3517555.5
 30368760.0
 232558656.0
 1577549440.0
 9480852480.0
 50497363968.0
 238325940224.0
 996680728576.0
 3693474742272.0
 12128313409536.0
 35290043383808.0
 90989603586048.0
 207883262230528.0
 420857939755008.0
 754987470684160.0
 1200141637779456.0
 1690494832738304.0
 2110009253036032.0
 2333691686682624.0
 2287132899016704.0
 1986226550734848.0
 1528461822787584.0
 1042243540484096.0
 629756760424448.0
 337182346706944.0
 159972314841088.0
 67253173223424.0
 25053573939200.0
 8270148272128.0
 2419044646912.0
 626995167232.0
 144002875392.0
 29307490304.0
 5285324288.0
 844661248.0
 119612208.0
 14985972.0
 1662093.875
 162838.078125
 14427.6171875
 1092.7353515625
 70.76946258544922
 2.0944433212280273
 8.125744819641113
 5.754108428955078
 0.653854489326477
 7.301501750946045
 6.740325927734375
 0.44952821731567383
 0.035677000880241394
 5.1708455085754395
 3.536501407623291
 57.00807189941406
 975.17578125
 12232.1982421875
 137049.84375
 1342451.75
 11617102.0
 88830112.0
 602591744.0
 3621692928.0
 19290136576.0
 91040448512.0
 380731457536.0
 1410907242496.0
 4633014566912.0
 13480810774528.0
 34758096584704.0
 79411604881408.0
 160768142082048.0
 288406080847872.0
 458455479484416.0
 645771284185088.0
 806026110566400.0
 891473209851904.0
 873687683170304.0
 758740936556544.0
 583874094563328.0
 398138401619968.0
 240567694917632.0
 128803972055040.0
 61109574828032.0
 25690755825664.0
 9570474786816.0
 3159205347328.0
 924076867584.0
 239511764992.0
 55008395264.0
 11195319296.0
 2018901632.0
 322563488.0
 45692500.0
 5731261.5
 637663.375
 61516.02734375
 5318.294921875
 385.32666015625
 20.655729293823242
 2.221266269683838
 1.5411880016326904
 1.2111139297485352
 12.477806091308594
 10.206297874450684
 9.09717082977295
 12.524481773376465
 17.05568504333496
 4.774483680725098
 3.66607403755188
 21.902475357055664
 329.2209777832031
 3989.900390625
 44935.0234375
 445526.875
 3868733.25
 29640610.0
 201152320.0
 1208924544.0
 6439798784.0
 30393921536.0
 127106039808.0
 471025287168.0
 1546710417408.0
 4500495532032.0
 11603797868544.0
 26511151202304.0
 53671555497984.0
 96282739736576.0
 153052937977856.0
 215587443703808.0
 269087636717568.0
 297613786087424.0
 291676228681728.0
 253301870297088.0
 194923500404736.0
 132916302577664.0
 80312281333760.0
 43000537284608.0
 20401084170240.0
 8576713097216.0
 3195045937152.0
 1054675435520.0
 308493058048.0
 79958392832.0
 18363740160.0
 3737367296.0
 673960000.0
 107687304.0
 15244179.0
 1905609.375
 210929.484375
 19950.07421875
 1668.63525390625
 120.24325561523438
 22.6173038482666
 9.170686721801758
 6.036210060119629
 3.177708148956299
 1.559098243713379
 4.195569038391113
 5.1642913818359375
 8.7940673828125
 18.567424774169922
 4.278035640716553
 6.378940105438232
 6.402719497680664
 91.66098022460938
 1026.0367431640625
 12382.83984375
 128932.421875
 1127044.25
 8647356.0
 58690164.0
 352711456.0
 1878912000.0
 8867796992.0
 37084082176.0
 137425584128.0
 451266445312.0
 1313058717696.0
 3385511116800.0
 7734861758464.0
 15659174985728.0
 28091405565952.0
 44654594621440.0
 62899628277760.0
 78508856442880.0
 86831597092864.0
 85099173380096.0
 73903175106560.0
 56870714736640.0
 38779549122560.0
 23431871463424.0
 12545811283968.0
 5952209158144.0
 2502333300736.0
 932186357760.0
 307712163840.0
 90006364160.0
 23328559104.0
 5357697024.0
 1090454016.0
 196628592.0
 31409838.0
 4446568.5
 555499.0625
 61372.015625
 5723.4453125
 493.44580078125
 20.679763793945312
 3.8507888317108154
 5.700191497802734
 0.7341964840888977
 0.5779927968978882
 5.468815803527832
 4.168115615844727
 0.982795774936676
 3.319157361984253
 8.722911834716797
 0.11011896282434464
 3.2371387481689453
 0.9965501427650452
 19.815444946289062
 270.25714111328125
 3193.51513671875
 33347.078125
 289515.375
 2206647.25
 14966696.0
 89905448.0
 479070144.0
 2261066752.0
 9455358976.0
 35040260096.0
 115062194176.0
 334800257024.0
 863229313024.0
 1972219019264.0
 3992743837696.0
 7162691584000.0
 11385953058816.0
 16038020251648.0
 20018026774528.0
 22140132786176.0
 21698361425920.0
 18843634237440.0
 14500752261120.0
 9887940608000.0
 5974605168640.0
 3198895259648.0
 1517677969408.0
 638036475904.0
 237685637120.0
 78459764736.0
 22949408768.0
 5948209152.0
 1365998720.0
 278043680.0
 50128428.0
 8005856.0
 1133528.25
 141460.75
 16075.5234375
 1545.0994873046875
 197.15792846679688
 16.546913146972656
 21.33060646057129
 20.65570831298828
 3.5579311847686768
 0.08976874500513077
 25.355663299560547
 13.31289005279541
 6.064497470855713
 0.41062408685684204
 4.014772891998291
 4.6483988761901855
 16.071565628051758
 20.8218936920166
 30.26363754272461
 107.90425872802734
 838.728271484375
 7766.5107421875
 64418.82421875
 490574.125
 3326051.25
 19998738.0
 106709392.0
 503806144.0
 2106951168.0
 7808201728.0
 25639614464.0
 74604216320.0
 192356220928.0
 439476486144.0
 889717260288.0
 1596090220544.0
 2537174859776.0
 3573820162048.0
 4460705742848.0
 4933575770112.0
 4835139649536.0
 4199021281280.0
 3231266111488.0
 2203367243776.0
 1331346538496.0
 712822751232.0
 338189549568.0
 142174732288.0
 52963532800.0
 17482545152.0
 5113277952.0
 1325298816.0
 304290912.0
 61930660.0
 11159547.0
 1782494.375
 250991.6875
 30468.126953125
 3385.29931640625
 275.3909912109375
 47.397708892822266
 3.661888599395752
 22.175264358520508
 19.02268409729004
 3.85866117477417
 1.3212823867797852
 2.6323888301849365
 1.93145751953125
 0.11020591855049133
 4.662247180938721
 22.23648452758789
 0.17886188626289368
 7.837095260620117
 0.6542398929595947
 12.32437801361084
 34.59024429321289
 159.94122314453125
 1602.578857421875
 12542.7275390625
 94904.9609375
 644719.0625
 3887479.0
 20782452.0
 98120208.0
 410317440.0
 1520585344.0
 4993001472.0
 14528430080.0
 37459705856.0
 85583618048.0
 173265616896.0
 310825222144.0
 494095532032.0
 695970627584.0
 868686233600.0
 960775127040.0
 941604536320.0
 817727668224.0
 629270577152.0
 429091979264.0
 259270131712.0
 138818355200.0
 65859481600.0
 27686918144.0
 10314013696.0
 3404499456.0
 995751232.0
 258058704.0
 59237856.0
 12061859.0
 2173026.25
 347006.125
 49361.1171875
 6005.244140625
 702.8424682617188
 48.21356201171875
 11.333194732666016
 3.6127943992614746
 2.4999802112579346
 3.4982402324676514
 5.532790660858154
 2.858567953109741
 5.599440574645996
 0.9248894453048706
 3.653592824935913
 14.940561294555664
 41.73167037963867
 7.960090637207031
 8.019411087036133
 3.130448818206787
 7.54074764251709
 18.170085906982422
 42.2574348449707
 315.3248596191406
 2123.99072265625
 16124.0849609375
 109640.390625
 659389.6875
 3536452.25
 16706656.0
 69850336.0
 258794320.0
 849706880.0
 2472347648.0
 6374638592.0
 14564055040.0
 29485162496.0
 52892696576.0
 84079173632.0
 118433095680.0
 147825524736.0
 163495673856.0
 160233259008.0
 139155963904.0
 107084627968.0
 73019105280.0
 44120485888.0
 23622916096.0
 11207317504.0
 4711265280.0
 1755072512.0
 579253696.0
 169374736.0
 43893676.0
 10070817.0
 2052247.875
 369840.09375
 59857.5234375
 8813.2861328125
 1059.883056640625
 185.51959228515625
 28.32617950439453
 16.15951156616211
 8.548206329345703
 12.197922706604004
 8.060407638549805
 9.136857986450195
 3.8553926944732666
 8.05999755859375
 7.310629844665527
 10.964487075805664
 1.000320553779602
 15.048696517944336
 4.514703273773193
 4.903212547302246
 0.8825138807296753
 15.194258689880371
 15.094172477722168
 24.7762508392334
 87.81103515625
 317.9365234375
 2439.3349609375
 15929.2958984375
 96900.6015625
 524506.5
 2483753.5
 10398968.0
 38515484.0
 126445208.0
 367860864.0
 948583424.0
 2167020032.0
 4387414528.0
 7870183936.0
 12510825472.0
 17622370304.0
 21996544000.0
 24327436288.0
 23843004416.0
 20706654208.0
 15934375936.0
 10865723392.0
 6565342720.0
 3515004928.0
 1667552512.0
 700929152.0
 261108240.0
 86156656.0
 25183680.0
 6524815.5
 1494627.0
 303945.78125
 54567.703125
 8897.46484375
 1340.97900390625
 133.1454620361328
 34.694095611572266
 9.893007278442383
 10.638065338134766
 8.689993858337402
 5.566784858703613
 5.223472595214844
 7.550743103027344
 4.913695812225342
 0.3758959174156189
 4.127301216125488
 15.207033157348633
 3.284252166748047
 9.627313613891602
 4.731933116912842
 5.3242506980896
 2.6222665309906006
 14.082818984985352
 17.786102294921875
 15.49354076385498
 49.121604919433594
 66.90435791015625
 372.32806396484375
 2084.948974609375
 12458.298828125
 68250.71875
 322607.9375
 1354069.875
 5011233.0
 16453924.0
 47882308.0
 123485288.0
 282145216.0
 571117824.0
 1024664832.0
 1628792448.0
 2294260736.0
 2863748608.0
 3167014912.0
 3104044032.0
 2695963392.0
 2074188032.0
 1414337792.0
 854566720.0
 457600736.0
 217096096.0
 91255712.0
 33983976.0
 11215693.0
 3280201.25
 848899.0
 194416.375
 39639.125
 7207.02685546875
 1208.8515625
 240.23118591308594
 23.620826721191406
 13.619010925292969
 6.228908538818359
 19.81619644165039
 4.640781879425049
 10.333786010742188
 4.96915864944458
 25.041847229003906
 13.643170356750488
 6.087822914123535
 8.376287460327148
 21.936262130737305
 3.139425277709961
 9.236360549926758
 4.058557510375977
 3.0543129444122314
 4.3733086585998535
 27.997943878173828
 25.579631805419922
 30.532981872558594
 29.017351150512695
 11.387392044067383
 61.52175521850586
 258.2713317871094
 1435.3115234375
 7736.67138671875
 36650.08203125
 153995.796875
 564920.8125
 1855632.625
 5401809.5
 13957377.0
 31878440.0
 64541036.0
 115727256.0
 184047168.0
 259179312.0
 323493760.0
 357735808.0
 350659168.0
 304586720.0
 234352160.0
 159754640.0
 96561448.0
 51681256.0
 24516024.0
 10295740.0
 3836714.25
 1264125.625
 367309.8125
 94947.453125
 21691.83203125
 4352.1904296875
 829.1160888671875
 193.0806121826172
 71.5693359375
 11.512500762939453
 18.99667739868164
 18.734495162963867
 6.824312210083008
 5.495406150817871
 8.527505874633789
 7.657529830932617
 28.754274368286133
 14.065881729125977
 4.336421012878418
 13.399962425231934
 22.223594665527344
 6.521632194519043
 14.645034790039062
 10.467119216918945
 2.696744680404663
 0.7691763043403625
 13.127958297729492
 6.105072975158691
 11.086118698120117
 13.619908332824707
 1.5123939514160156
 8.339505195617676
 15.182158470153809
 148.12013244628906
 795.03662109375
 3709.726806640625
 15616.357421875
 55306.03515625
 180579.859375
 529319.5
 1373328.25
 3128065.5
 6355336.0
 11399909.0
 18088506.0
 25481726.0
 31829260.0
 35183304.0
 34481552.0
 30011932.0
 23091904.0
 15744652.0
 9525760.0
 5089187.0
 2412159.0
 1012766.6875
 377110.625
 124641.2734375
 36333.109375
 9220.9072265625
 2121.524658203125
 400.1980895996094
 90.83141326904297
 31.939659118652344
 21.699657440185547
 8.540068626403809
 10.445550918579102
 15.134590148925781
 7.836634159088135
 1.959333896636963
 22.750244140625
 26.637378692626953
 41.55109405517578
 19.075551986694336
 4.001604080200195
 0.6314148902893066
 16.70538902282715
 11.333166122436523
 16.776485443115234
 13.45405387878418
 13.262537002563477
 7.621740341186523
 9.047128677368164
 6.956492900848389
 14.900461196899414
 18.56914520263672
 6.517826557159424
 5.429875373840332
 4.245196342468262
 14.03980827331543
 78.90496826171875
 381.9407043457031
 1628.5166015625
 5235.490234375
 16798.2890625
 49698.390625
 128492.671875
 290522.9375
 591193.4375
 1058552.25
 1683412.125
 2380221.25
 2985368.25
 3296907.0
 3237322.5
 2818316.5
 2147303.0
 1467563.625
 887476.375
 474794.09375
 226189.21875
 94884.734375
 35479.1015625
 12036.87109375
 3528.36279296875
 836.7552490234375
 198.82913208007812
 30.178852081298828
 12.021074295043945
 14.663972854614258
 18.304519653320312
 7.068132400512695
 6.789426803588867
 5.952315807342529
 15.881644248962402
 1.805501937866211
 30.91878890991211
 28.468652725219727
 35.454322814941406
 9.071775436401367
 2.1761410236358643
 1.6215232610702515
 10.882418632507324
 9.243764877319336
 21.591135025024414
 20.56121253967285
 18.434879302978516
 2.1303586959838867
 7.856693267822266
 14.611250877380371
 44.40805435180664
 41.43803787231445
 22.237960815429688
 19.470430374145508
 11.232093811035156
 4.203871250152588
 4.3705925941467285
 35.43265151977539
 195.5238037109375
 422.305419921875
 1325.640380859375
 3867.90673828125
 10197.2763671875
 22917.677734375
 45376.8359375
 81140.1171875
 128487.8828125
 184121.28125
 233591.5625
 255310.375
 254376.78125
 223782.8125
 166141.40625
 113070.03125
 68673.9296875
 37110.77734375
 17457.265625
 7250.95263671875
 2914.834228515625
 1044.4136962890625
 286.8352355957031
 67.30339813232422
 22.605144500732422
 5.430306434631348
 0.9741673469543457
 15.093074798583984
 16.008548736572266
 13.195870399475098
 31.19440460205078
 21.970508575439453
 5.563600540161133
 0.38929304480552673
 9.712968826293945
 13.034502029418945
 24.967437744140625
 4.154086112976074
 0.08842277526855469
 0.858626127243042
 2.9247546195983887
 10.959239959716797
 27.053682327270508
 46.394195556640625
 39.9396858215332
 20.561447143554688
 3.784306764602661
 2.5993504524230957
 8.839775085449219
 20.923175811767578
 12.036677360534668
 11.218225479125977
 12.141443252563477
 6.856581687927246
 10.0598726272583
 3.967892646789551
 28.869646072387695
 12.702415466308594
 40.13721466064453
 130.88645935058594
 385.2251281738281
 689.737060546875
 1406.1365966796875
 3105.24560546875
 4463.109375
 5463.7373046875
 7726.9462890625
 8863.326171875
 8480.9814453125
 7886.8505859375
 5586.64453125
 4340.451171875
 2838.908935546875
 1392.7249755859375
 549.9041748046875
 268.41925048828125
 122.58761596679688
 56.60770034790039
 23.571117401123047
 2.1134157180786133
 1.4632474184036255
 0.06870663166046143
 11.451623916625977
 20.448184967041016
 13.094955444335938
 10.910017013549805
 11.62765884399414
 5.400425434112549
 14.536426544189453
 1.6424041986465454
 27.68082618713379
 17.69835090637207
 25.89778709411621
 1.8070569038391113
 5.4298996925354
 7.150896072387695
 3.1203198432922363
 11.328715324401855
 10.943546295166016
 16.8985595703125
 10.865509033203125
 7.073525428771973
 10.82724666595459
 11.312827110290527
 25.32682228088379
 18.130216598510742
 4.514204978942871
 1.4171779155731201
 5.096491813659668
 3.2547106742858887
 0.22581516206264496
 4.935171127319336
 14.643378257751465
 3.380249261856079
 2.0888402462005615
 20.099199295043945
 69.83909606933594
 123.85093688964844
 277.6455078125
 575.9710693359375
 1078.7061767578125
 1144.389892578125
 1781.01220703125
 2229.420654296875
 2073.031494140625
 1717.695556640625
 1390.1796875
 1069.8421630859375
 796.5285034179688
 331.6988220214844
 180.14190673828125
 118.48297119140625
 52.4804801940918
 35.833824157714844
 23.344791412353516
 3.5455288887023926
 3.22601318359375
 0.9091792702674866
 7.452067852020264
 24.806297302246094
 15.879398345947266
 8.27670955657959
 11.1294584274292
 2.79412579536438
 14.271234512329102
 3.7383337020874023
 25.040542602539062
 17.158849716186523
 12.523075103759766
 3.613004207611084
 6.222551345825195
 5.851684093475342
 7.610401153564453
 30.70343589782715
 32.66728973388672
 19.01272201538086
 5.632422924041748
 5.4039812088012695
 17.29261016845703
 18.575246810913086
 27.911983489990234
 38.658416748046875
 19.72623634338379
 10.262762069702148
 24.181102752685547
 15.428234100341797
 5.681473255157471
 0.050933483988046646
 8.645635604858398
 8.538029670715332
 1.6695420742034912
 1.5891185998916626
 6.878817558288574
 110.82149505615234
 154.48934936523438
 416.71124267578125
 430.41851806640625
 586.3162231445312
 1550.8963623046875
 1798.2744140625
 1378.7705078125
 2223.977783203125
 868.0172119140625
 650.0253295898438
 481.7635498046875
 239.11526489257812
 180.5284881591797
 97.84280395507812
 80.02983856201172
 82.63516235351562
 50.922279357910156
 38.646793365478516
 38.99302673339844
 18.461748123168945
 4.705672740936279
 6.084303855895996
 1.441420078277588
 4.687679767608643
 19.65715789794922
 6.239603519439697
 5.620001792907715
 5.477439880371094
 8.97775650024414
 5.894370079040527
 29.295307159423828
 0.8726274967193604
 1.1941096782684326
 0.5254744291305542
 2.468540668487549
 15.383515357971191
 10.166902542114258
 20.502174377441406
 7.485107421875
 11.825675964355469
 5.054981231689453
 0.9958875179290771
 3.4230024814605713
 15.338313102722168
 14.846418380737305
 17.19675636291504
 36.20054626464844
 28.456777572631836
 18.952646255493164
 2.3856096267700195
 0.03154633939266205
 19.04050636291504
 15.959389686584473
 27.643949508666992
 31.876766204833984
 101.37452697753906
 290.73956298828125
 344.5152587890625
 611.516845703125
 549.6047973632812
 807.5834350585938
 538.3341674804688
 936.6585693359375
 729.8480224609375
 635.8993530273438
 567.9765014648438
 354.5568542480469
 68.24658203125
 18.3234806060791
 7.142394542694092
 2.0014688968658447
 14.765013694763184
 17.513574600219727
 7.583727836608887
 10.316890716552734
 3.7067127227783203
 0.7101949453353882
 8.485701560974121
 4.364798069000244
 10.142504692077637
 17.326942443847656
 6.050317764282227
 9.41571044921875
 3.4641900062561035
 0.5639892220497131
 1.8342245817184448
 34.739891052246094
 3.4317593574523926
 5.168992042541504
 2.9424052238464355
 4.798686504364014
 2.260751724243164
 2.370250940322876
 19.89040756225586
 15.618797302246094
 12.267359733581543
 5.680549621582031
 2.5145671367645264
 4.0925445556640625
 18.0202693939209
 14.501444816589355
 28.494722366333008
 35.32758712768555
 29.54315948486328
 18.31903648376465
 6.652957916259766
 2.3527584075927734
 21.413158416748047
 3.2352707386016846
 18.65010643005371
 43.641029357910156
 119.82747650146484
 294.6983337402344
 469.0621032714844
 1145.4981689453125
 1490.707275390625
 1506.160400390625
 2264.25146484375
 2697.879150390625
 1892.5797119140625
 1867.67822265625
 748.612548828125
 517.55859375
 241.2459716796875
 118.7845687866211
 38.35894775390625
 23.665454864501953
 14.98326301574707
 2.1723456382751465
 2.937534809112549
 0.7679848670959473
 1.3780672550201416
 4.720776081085205
 11.116719245910645
 4.328147888183594
 3.6488027572631836
 16.214675903320312
 1.520986557006836
 8.430133819580078
 2.478334665298462
 0.3912760317325592
 2.084535598754883
 12.969053268432617
 0.6931723356246948
 1.7304564714431763
 4.967966079711914
 5.399293422698975
 6.595641136169434
 2.9161453247070312
 14.407015800476074
 3.3942840099334717
 5.856896877288818
 2.8939411640167236
 1.9867496490478516
 0.911425769329071
 9.405949592590332
 8.265841484069824
 14.427328109741211
 20.261642456054688
 14.464868545532227
 12.384835243225098
 1.0718610286712646
 3.767828941345215
 5.9156270027160645
 10.345261573791504
 41.30287170410156
 111.98320007324219
 319.95855712890625
 792.5484619140625
 1347.0885009765625
 2436.034912109375
 3369.167236328125
 4163.24169921875
 4546.81982421875
 3947.734619140625
 4116.0419921875
 3741.264892578125
 2059.17822265625
 1369.10400390625
 835.8253784179688
 423.68389892578125
 168.98428344726562
 72.55899047851562
 60.72126770019531
 36.693748474121094
 5.801625728607178
 10.971769332885742
 0.8871333599090576
 1.728188395500183
 5.085598945617676
 1.6612099409103394
 3.00182843208313
 2.759084701538086
 3.923922538757324
 17.36527442932129
 3.5438120365142822
 14.802925109863281
 6.979305744171143
 6.715296745300293
 5.8457536697387695
 9.070940017700195
 4.805549621582031
 4.772553443908691
 5.583688259124756
 1.2697696685791016
 2.3684403896331787
 0.3135957717895508
 5.7784576416015625
 13.038596153259277
 10.738006591796875
 9.403816223144531
 10.070151329040527
 2.66011905670166
 6.235903739929199
 4.014001369476318
 4.926340103149414
 8.477563858032227
 9.682047843933105
 4.756743431091309
 9.77568531036377
 1.1703511476516724
 5.186490058898926
 13.676168441772461
 190.331298828125
 423.3204040527344
 668.8306884765625
 987.5440063476562
 1586.41552734375
 2375.109375
 2575.009765625
 3238.0830078125
 2011.830322265625
 1222.0589599609375
 1236.1893310546875
 1015.7757568359375
 507.1153259277344
 186.31776428222656
 79.49271392822266
 35.99456787109375
 14.084667205810547
 16.288524627685547
 5.92154598236084
 10.705636024475098
 0.6685279011726379
 1.9259356260299683
 0.24625954031944275
 1.1838165521621704
 4.969456672668457
 13.062444686889648
 3.7850565910339355
 13.0646333694458
 0.3442199230194092
 2.0600979328155518
 13.641067504882812
 0.12378652393817902
 3.9974141120910645
 10.675374031066895
 15.95633602142334
