#Intensity [ph/s/.1%bw/mm^2] (C-aligned, inner loop is vs Photon Energy, outer loop vs Vertical Position)
#12700.0 #Initial Photon Energy [eV]
#12700.0 #Final Photon Energy [eV]
#1 #Number of points vs Photon Energy
#-0.0004 #Initial Horizontal Position [m]
#0.0004 #Final Horizontal Position [m]
#88 #Number of points vs Horizontal Position
#-0.00025 #Initial Vertical Position [m]
#0.00025 #Final Vertical Position [m]
#36 #Number of points vs Vertical Position
#1 #Number of components
 148690796544.0
 108213796864.0
 51056746496.0
 58357993472.0
 253397565440.0
 698146291712.0
 1274866040832.0
 1682252234752.0
 1613395001344.0
 1026092302336.0
 302119288832.0
 133920112640.0
 1156388618240.0
 3526516015104.0
 6710462251008.0
 9628540731392.0
 11109392187392.0
 10439433912320.0
 7749186879488.0
 4065918189568.0
 1018325172224.0
 322158002176.0
 3245520191488.0
 10234216054784.0
 20797133422592.0
 33652232683520.0
 47055640723456.0
 59199031607296.0
 68566321725440.0
 74174403969024.0
 75668549271552.0
 73283785457664.0
 67708733358080.0
 59901074210816.0
 50899368017920.0
 41664370442240.0
 32969620193280.0
 25346149711872.0
 19076837539840.0
 14229125988352.0
 10712138121216.0
 8345102057472.0
 6924952141824.0
 6284323586048.0
 6333379117056.0
 7081367175168.0
 8636046245888.0
 11180664946688.0
 14930490163200.0
 20072561115136.0
 26695352451072.0
 34717539762176.0
 43828434173952.0
 53454290550784.0
 62765469270016.0
 70736836296704.0
 76266866737152.0
 78350303363072.0
 76283216134144.0
 69863611564032.0
 59537570660352.0
 46435848421376.0
 32258918449152.0
 18997162541056.0
 8521817522176.0
 2133845868544.0
 200854142976.0
 2017512783872.0
 5980187262976.0
 10068504346624.0
 12502206251008.0
 12341422850048.0
 9778729320448.0
 5971496140800.0
 2459817213952.0
 429143982080.0
 183870128128.0
 1111535386624.0
 2149797199872.0
 2463420645376.0
 1899467898880.0
 938916773888.0
 224704331776.0
 57379176448.0
 251159969792.0
 414715478016.0
 344570396672.0
 150004875264.0
 66105483264.0
 37575491584.0
 67486396416.0
 244915781632.0
 613626937344.0
 1071366995968.0
 1362375737344.0
 1237210497024.0
 702081794048.0
 156688809984.0
 257266860032.0
 1531848425472.0
 3972848156672.0
 6883194699776.0
 9115896119296.0
 9614789705728.0
 7988618199040.0
 4827725168640.0
 1604539514880.0
 197668831232.0
 2239702237184.0
 8543986515968.0
 18808848777216.0
 31674729496576.0
 45081067257856.0
 56783359967232.0
 64868136779776.0
 68133557633024.0
 66266098302976.0
 59808522698752.0
 49965678198784.0
 38318708359168.0
 26521796345856.0
 16039729430528.0
 7962125402112.0
 2907225456640.0
 1009634246656.0
 1974653026304.0
 5177277415424.0
 9783863148544.0
 14878133714944.0
 19578048479232.0
 23134765842432.0
 25009015750656.0
 24922619379712.0
 22884722409472.0
 19192310923264.0
 14404759322624.0
 9292521406464.0
 4759749132288.0
 1743069904896.0
 1090842918912.0
 3431974043648.0
 9048284987392.0
 17770060185600.0
 28918247587840.0
 41317761548288.0
 53401157107712.0
 63409559175168.0
 69677988446208.0
 70966105341952.0
 66769012129792.0
 57526305423360.0
 44646956793856.0
 30298085523456.0
 16961780056064.0
 6842417152000.0
 1280763625472.0
 368911515648.0
 2931827933184.0
 6933944205312.0
 10207122948096.0
 11240069922816.0
 9700842143744.0
 6445083918336.0
 2987880087552.0
 692690419712.0
 102601744384.0
 779695554560.0
 1723437678592.0
 2074537099264.0
 1623852580864.0
 796963241984.0
 187656880128.0
 59094806528.0
 221735747584.0
 328410398720.0
 239168929792.0
 32861648896.0
 70863986688.0
 216628707328.0
 504936300544.0
 861584556032.0
 1082410926080.0
 960353533952.0
 510608146432.0
 105226362880.0
 344103223296.0
 1677381599232.0
 4009311862784.0
 6575734390784.0
 8237891977216.0
 8075961958400.0
 5971403866112.0
 2857949462528.0
 490013884416.0
 816900603904.0
 5229840433152.0
 13988872060928.0
 26040395104256.0
 39269372526592.0
 51071124766720.0
 59038779834368.0
 61556406616064.0
 58151177027584.0
 49549477412864.0
 37469407936512.0
 24238926856192.0
 12349166583808.0
 4040967061504.0
 992859979776.0
 4141755400192.0
 13635845881856.0
 28896995049472.0
 48758540730368.0
 71643644821504.0
 95752990752768.0
 119240380121088.0
 140363331272704.0
 157601593556992.0
 169746100125696.0
 175959391076352.0
 175813496406016.0
 169308600664064.0
 156874603233280.0
 139355507130368.0
 117974312681472.0
 94273668120576.0
 70027541741568.0
 47119729688576.0
 27389627203584.0
 12448716292096.0
 3483379957760.0
 1065634889728.0
 5005148946432.0
 14280750530560.0
 27089069670400.0
 41036583796736.0
 53477287919616.0
 61963048583168.0
 64731909980160.0
 61124879843328.0
 51806222680064.0
 38684208398336.0
 24494343192576.0
 12108550897664.0
 3744690601984.0
 327190151168.0
 1244983197696.0
 4639968198656.0
 8160198262784.0
 9897221554176.0
 9106256560128.0
 6371291430912.0
 3130577387520.0
 816540024832.0
 91113406464.0
 612247273472.0
 1435651801088.0
 1736375402496.0
 1324870270976.0
 612385423360.0
 131236659200.0
 68079288320.0
 206732345344.0
 253176233984.0
 70606077952.0
 182108667904.0
 395487870976.0
 667349745664.0
 846786985984.0
 759657922560.0
 403315032064.0
 90532020224.0
 356235542528.0
 1608436285440.0
 3737334054912.0
 5989389041664.0
 7271327203328.0
 6768210477056.0
 4535910137856.0
 1714412060672.0
 204239503360.0
 1926930366464.0
 7995966095360.0
 18156212977664.0
 30718379950080.0
 43001778798592.0
 52109546356736.0
 55764374781952.0
 52948851752960.0
 44191396659200.0
 31464739569664.0
 17773350617088.0
 6569031368704.0
 1145232293888.0
 4132036149248.0
 17165199605760.0
 40749819232256.0
 74298127548416.0
 116297018900480.0
 164549424578560.0
 216440951013376.0
 269192292990976.0
 320072069414912.0
 366560426328064.0
 406462618664960.0
 437978048495616.0
 459738198310912.0
 470821931843584.0
 470761936519168.0
 459544689901568.0
 437613378928640.0
 405870349385728.0
 365675327520768.0
 318834816843776.0
 267564886261760.0
 214425319505920.0
 162204103999488.0
 113750212345856.0
 71751933362176.0
 38472094056448.0
 15465066790912.0
 3317291286528.0
 1464620285952.0
 8146902843392.0
 20550655148032.0
 35164845506560.0
 48329853501440.0
 56900439769088.0
 58887684227072.0
 53908063911936.0
 43279659827200.0
 29674927292416.0
 16366943862784.0
 6257761583104.0
 996204347392.0
 513989672960.0
 3190448717824.0
 6615285628928.0
 8644383997952.0
 8274255020032.0
 5915755937792.0
 2940869279744.0
 777033547776.0
 91627110400.0
 550413074432.0
 1247867174912.0
 1441175830528.0
 1023639420928.0
 419124838400.0
 79527755776.0
 85814878208.0
 192941244416.0
 151097016320.0
 300440748032.0
 500025688064.0
 650545725440.0
 609362968576.0
 344378146816.0
 88692080640.0
 304089169920.0
 1383558021120.0
 3264632324096.0
 5266712559616.0
 6359259021312.0
 5776837443584.0
 3633084366848.0
 1140988706816.0
 250888765440.0
 2835416875008.0
 9793655799808.0
 20487673479168.0
 32766116757504.0
 43571239452672.0
 49897810165760.0
 49763852484608.0
 42887232356352.0
 30892223365120.0
 17036918915072.0
 5583960801280.0
 1008974626816.0
 7241606889472.0
 27086259486720.0
 61897927819264.0
 111519354322944.0
 174433973043200.0
 248062630952960.0
 329126061801472.0
 414007164928000.0
 499065301237760.0
 580877952221184.0
 656401462460416.0
 723058885132288.0
 778766490009600.0
 821922925379584.0
 851372643713024.0
 866365971890176.0
 866524684353536.0
 851823749496832.0
 822593208713216.0
 779539315687424.0
 723782385795072.0
 656902832783360.0
 580979957694464.0
 498609061625856.0
 412878393835520.0
 327282312871936.0
 245559688429568.0
 171442494767104.0
 108328554332160.0
 58896815226880.0
 24719852044288.0
 5940766048256.0
 1101161037824.0
 7200807321600.0
 20042563452928.0
 34860339036160.0
 47150327136256.0
 53543276904448.0
 52496525426688.0
 44582305792000.0
 32224799883264.0
 18896568451072.0
 7979809112064.0
 1662410555392.0
 282726957056.0
 2402507816960.0
 5597390962688.0
 7617915125760.0
 7368001716224.0
 5216571228160.0
 2509899825152.0
 613833572352.0
 97166630912.0
 555981996032.0
 1117183803392.0
 1168710959104.0
 732591095808.0
 246451634176.0
 51536306176.0
 109178298368.0
 227594223616.0
 365485654016.0
 488041676800.0
 488477786112.0
 309069479936.0
 94345691136.0
 220239855616.0
 1073339039744.0
 2680463556608.0
 4486478692352.0
 5540659855360.0
 5074623397888.0
 3145966551040.0
 916432617472.0
 316943269888.0
 3199926534144.0
 10376688173056.0
 21011990839296.0
 32681305833472.0
 42095129657344.0
 46218159849472.0
 43376388866048.0
 33984736133120.0
 20692753973248.0
 7951963652096.0
 1173675048960.0
 5729154498560.0
 26037406662656.0
 64916354498560.0
 123277506772992.0
 200153680052224.0
 292986864795648.0
 398071728963584.0
 511051514773504.0
 627383858102272.0
 742717621534720.0
 853157202624512.0
 955413528838144.0
 1046854187876352.0
 1125476517019648.0
 1189832910962688.0
 1238930158518272.0
 1272125155442688.0
 1289037662912512.0
 1289476420665344.0
 1273412840325120.0
 1240975099822080.0
 1192488006057984.0
 1128539030028288.0
 1050074473824256.0
 958507784339456.0
 855824847077376.0
 744667402469376.0
 628366264762368.0
 510898372345856.0
 396733947314176.0
 290569402187776.0
 196932202921984.0
 119691762728960.0
 61528908759040.0
 23453937696768.0
 4487029194752.0
 1615227387904.0
 10112794099712.0
 24242387156992.0
 38254682308608.0
 47493001773056.0
 49325488996352.0
 43613119578112.0
 32511799328768.0
 19600322330624.0
 8572653010944.0
 1939725877248.0
 238847672320.0
 2082725560320.0
 5024373538816.0
 6819216883712.0
 6445865107456.0
 4365784711168.0
 1935332605952.0
 397001097216.0
 126531035136.0
 600822251520.0
 1001662906368.0
 900286840832.0
 466305122304.0
 119421853696.0
 54961008640.0
 266201645056.0
 357016829952.0
 383959171072.0
 280048566272.0
 106797056000.0
 139650973696.0
 745236463616.0
 2055484473344.0
 3684428939264.0
 4792368234496.0
 4580708974592.0
 2956223840256.0
 911856173056.0
 292304945152.0
 2970365722624.0
 9821104373760.0
 20022833446912.0
 31068669345792.0
 39538588123136.0
 42348146851840.0
 38004219445248.0
 27427065561088.0
 14085551816704.0
 3443938033664.0
 1925212274688.0
 15701823717376.0
 49617265754112.0
 106453180350464.0
 186633055895552.0
 288339945062400.0
 407944214609920.0
 540605285400576.0
 680912236838912.0
 823460389453824.0
 963295867568128.0
 1096205039828992.0
 1218850783756288.0
 1328783961358336.0
 1424358660636672.0
 1504592005169152.0
 1568997724127232.0
 1617415158890496.0
 1649862831505408.0
 1666413353762816.0
 1667111017512960.0
 1651928710774784.0
 1620765099163648.0
 1573489454612480.0
 1510021514919936.0
 1430460332769280.0
 1335233123188736.0
 1225271625646080.0
 1102186788421632.0
 968421239947264.0
 827343845195776.0
 683249235918848.0
 541225706848256.0
 406865271848960.0
 285800981856256.0
 183102760550400.0
 102592893943808.0
 46194340397056.0
 13455049359360.0
 1403466153984.0
 4853613461504.0
 17195527569408.0
 31578187104256.0
 42249412935680.0
 45708698714112.0
 41311377817600.0
 31077383012352.0
 18700216303616.0
 8055238426624.0
 1745037688832.0
 259297886208.0
 2098877825024.0
 4777244622848.0
 6170862419968.0
 5498723106816.0
 3424987119616.0
 1314783232000.0
 204210143232.0
 199105167360.0
 654024900608.0
 864365051904.0
 630369353728.0
 247012769792.0
 54550392832.0
 258430910464.0
 291895181312.0
 246107553792.0
 121647808512.0
 86319251456.0
 455558529024.0
 1450395303936.0
 2880723222528.0
 4066434613248.0
 4193061961728.0
 2958308147200.0
 1076627374080.0
 219354595328.0
 2292138115072.0
 8372000653312.0
 17868345311232.0
 28392715976704.0
 36483318677504.0
 38931852689408.0
 34200656805888.0
 23402911891456.0
 10511591669760.0
 1757010853888.0
 4434169954304.0
 25485306232832.0
 70228734115840.0
 141503250825216.0
 239345223073792.0
 361171416776704.0
 502337361674240.0
 656901557714944.0
 818418567610368.0
 980642166734848.0
 1138047148097536.0
 1286151713325056.0
 1421648133619712.0
 1542370403287040.0
 1647161028640768.0
 1735660574605312.0
 1808081373626368.0
 1864979623968768.0
 1907050036592640.0
 1934960344694784.0
 1949220307206144.0
 1950097285840896.0
 1937571147939840.0
 1911333863817216.0
 1870830308950016.0
 1815337049784320.0
 1744097635205120.0
 1656483255156736.0
 1552207489007616.0
 1431555817865216.0
 1295628558663680.0
 1146560578584576.0
 987676652077056.0
 823532867026944.0
 659800459313152.0
 502943992250368.0
 359681163788288.0
 236248836866048.0
 137553088872448.0
 66343437074432.0
 22589793632256.0
 3261203218432.0
 2654626381824.0
 13317707923456.0
 27446208364544.0
 38460027043840.0
 42335261949952.0
 38263481958400.0
 28369208999936.0
 16524701073408.0
 6659626762240.0
 1214182588416.0
 370758516736.0
 2373567119360.0
 4720535011328.0
 5556196081664.0
 4493397196800.0
 2453541486592.0
 746972643328.0
 100894957568.0
 313533956096.0
 676040015872.0
 682301259776.0
 374825025536.0
 100822679552.0
 216152686592.0
 203877351424.0
 129934598144.0
 66045337600.0
 242110201856.0
 920642977792.0
 2102811033600.0
 3321378635776.0
 3807193333760.0
 3047203012608.0
 1390550319104.0
 218649542656.0
 1420342591488.0
 6358391324672.0
 14874863206400.0
 24923839922176.0
 33124685709312.0
 36079621111808.0
 31943190118400.0
 21628589178880.0
 9202570362880.0
 1343351029760.0
 6061264207872.0
 31087763914752.0
 82377942499328.0
 163070546542592.0
 273072644947968.0
 409255152713728.0
 566114002141184.0
 736685004423168.0
 913505519665152.0
 1089459122601984.0
 1258397366222848.0
 1415514383450112.0
 1557481440411648.0
 1682388081967104.0
 1789548321308672.0
 1879243881447424.0
 1952423279067136.0
 2010429362536448.0
 2054742956048384.0
 2086783009423360.0
 2107743792005120.0
 2118479868067840.0
 2119433485025280.0
 2110595918725120.0
 2091506399707136.0
 2061283788587008.0
 2018695295533056.0
 1962269088940032.0
 1890455088267264.0
 1801825216888832.0
 1695333113397248.0
 1570602297065472.0
 1428228426170368.0
 1270067060801536.0
 1099442706972672.0
 921231696068608.0
 741740113821696.0
 568336312172544.0
 408808979431424.0
 270482309906432.0
 159188802076672.0
 78272817790976.0
 27851808047104.0
 4572572024832.0
 2036259356672.0
 11923269615616.0
 25645939687424.0
 36147594002432.0
 39336695300096.0
 34675313606656.0
 24673226063872.0
 13426596249600.0
 4742801522688.0
 612418519040.0
 671367233536.0
 2836511326208.0
 4698498138112.0
 4852424376320.0
 3416477663232.0
 1532911943680.0
 325504434176.0
 118253412352.0
 435683295232.0
 626695077888.0
 459957338112.0
 169980674048.0
 159326519296.0
 124056510464.0
 67167739904.0
 116738957312.0
 511527813120.0
 1396192575488.0
 2547571490816.0
 3335862091776.0
 3106911027200.0
 1811003211776.0
 410186514432.0
 647808090112.0
 4159150751744.0
 11365845565440.0
 20807405273088.0
 29383345569792.0
 33525212381184.0
 30857416933376.0
 21673831038976.0
 9642930339840.0
 1474808905728.0
 5671057096704.0
 30767719645184.0
 83587118399488.0
 167937851785216.0
 284011020681216.0
 428502847324160.0
 595319846862848.0
 776623838199808.0
 963963466547200.0
 1149286003769344.0
 1325696014090240.0
 1487909412667392.0
 1632418687614976.0
 1757419952668672.0
 1862583703306240.0
 1948726117531648.0
 2017465995362304.0
 2070880490356736.0
 2111219762724864.0
 2140662166192128.0
 2161140436041728.0
 2174201028935680.0
 2180923055407104.0
 2181860968890368.0
 2177018259046400.0
 2165843156795392.0
 2147254001467392.0
 2119682861563904.0
 2081164655329280.0
 2029463583850496.0
 1962247479885824.0
 1877334097395712.0
 1772986122108928.0
 1648257855913984.0
 1503362704998400.0
 1340020535328768.0
 1161719531438080.0
 973813437169664.0
 783377338728448.0
 598757498421248.0
 428791079895040.0
 281743579938816.0
 164093503733760.0
 79388787867648.0
 27450891304960.0
 4201832251392.0
 2291940196352.0
 12514963226624.0
 25748056309760.0
 34923941462016.0
 36435813990400.0
 30480795697152.0
 20181797568512.0
 9797733711872.0
 2741079375872.0
 245144633344.0
 1237563736064.0
 3370048290816.0
 4537516556288.0
 3971509911552.0
 2312016756736.0
 771366780928.0
 115380879360.0
 233202286592.0
 505136119808.0
 487896449024.0
 237817659392.0
 105557671936.0
 70625312768.0
 63299948544.0
 244592918528.0
 817351032832.0
 1781428518912.0
 2735718268928.0
 3019459264512.0
 2238723915776.0
 840338440192.0
 231064780800.0
 2177637679104.0
 7715991584768.0
 16191656558592.0
 25069728301056.0
 30779969110016.0
 30330098548736.0
 23030835183616.0
 11613689085952.0
 2283441750016.0
 3670520102912.0
 25035139973120.0
 74281442607104.0
 156327582105600.0
 272196337401856.0
 418941243490304.0
 590299164311552.0
 777811396657152.0
 972118535700480.0
 1164163904700416.0
 1346126905081856.0
 1512011024302080.0
 1657876300955648.0
 1781785436356608.0
 1883546767589376.0
 1964340873789440.0
 2026306648670208.0
 2072147371491328.0
 2104787780763648.0
 2127104699269120.0
 2141718191276032.0
 2150849291747328.0
 2156231825293312.0
 2159048384315392.0
 2159904961855488.0
 2158815516557312.0
 2155195664433152.0
 2147879456079872.0
 2135135214370816.0
 2114726469304320.0
 2083993562382336.0
 2039994441007104.0
 1979703569154048.0
 1900292442423296.0
 1799471037939712.0
 1675901070737408.0
 1529628577497088.0
 1362484422246400.0
 1178381857062912.0
 983401683222528.0
 785580791169024.0
 594326568566784.0
 419454726963200.0
 269914065600512.0
 152391848558592.0
 70073419038720.0
 21891939041280.0
 2561929117696.0
 3543497441280.0
 14832095985664.0
 27177370255360.0
 34109703323648.0
 33115013644288.0
 25522845253632.0
 15131200192512.0
 6116376313856.0
 1121484537856.0
 355606298624.0
 2035077349376.0
 3782546817024.0
 4080830251008.0
 2910139187200.0
 1297530486784.0
 276190789632.0
 117514092544.0
 366233518080.0
 466925944832.0
 288968802304.0
 65166004224.0
 47994748928.0
 105941114880.0
 409589579776.0
 1098082746368.0
 2032042639360.0
 2701319208960.0
 2523581644800.0
 1432305008640.0
 306866225152.0
 784065298432.0
 4378827685888.0
 11357735878656.0
 20074966548480.0
 27302291308544.0
 29572393336832.0
 25020115976192.0
 14939319173120.0
 4386353577984.0
 1560151457792.0
 16157089202176.0
 57236869087232.0
 131234671886336.0
 240629216968704.0
 383517393420288.0
 554068229488640.0
 743623322763264.0
 942110874271744.0
 1139452407709696.0
 1326719692701696.0
 1496912737861632.0
 1645321977331712.0
 1769546524393472.0
 1869236204994560.0
 1945683133202432.0
 2001352351809536.0
 2039422136614912.0
 2063380537933824.0
 2076706747711488.0
 2082634876321792.0
 2083994770341888.0
 2083117120618496.0
 2081777359257600.0
 2081172708392960.0
 2081912784945152.0
 2084019734839296.0
 2086919106199552.0
 2089446962888704.0
 2089846260629504.0
 2085792348372992.0
 2074435783753728.0
 2052491990532096.0
 2016400172384256.0
 1962551885692928.0
 1887614235836416.0
 1788941388742656.0
 1665049835864064.0
 1516119026302976.0
 1344436432797696.0
 1154693501812736.0
 954009208750080.0
 751589010702336.0
 557938867437568.0
 383663153872896.0
 237963451564032.0
 127098660323328.0
 53153739309056.0
 13490433556480.0
 1162884808704.0
 6356179877888.0
 18590723997696.0
 29125439913984.0
 32821533999104.0
 28820316880896.0
 19773953933312.0
 9939089096704.0
 2953848291328.0
 285781426176.0
 1010021367808.0
 2866850562048.0
 3841971978240.0
 3260220964864.0
 1786708623360.0
 534690856960.0
 95370436608.0
 245910142976.0
 415985827840.0
 318440865792.0
 41051631616.0
 51064684544.0
 175549513728.0
 576731938816.0
 1319784284160.0
 2151486193664.0
 2519868375040.0
 1989215780864.0
 820089389056.0
 211195002880.0
 1835139989504.0
 6788040097792.0
 14555796209664.0
 22714895040512.0
 27739876753408.0
 26698481401856.0
 19131390754816.0
 8291699130368.0
 1187372990464.0
 7361160282112.0
 36810147233792.0
 97706353623040.0
 194570507780096.0
 327330429927424.0
 491386134593536.0
 678526449614848.0
 878366110515200.0
 1079927919083520.0
 1273055821168640.0
 1449449188491264.0
 1603239350894592.0
 1731138913566720.0
 1832251167866880.0
 1907650392489984.0
 1959869410181120.0
 1992370904104960.0
 2009073629265920.0
 2013968012935168.0
 2010834297421824.0
 2003054232600576.0
 1993495648665600.0
 1984465882578944.0
 1977689900580864.0
 1974317277511680.0
 1974931592052736.0
 1979558882443264.0
 1987663351513088.0
 1998138239877120.0
 2009290256678912.0
 2018835418841088.0
 2023901466984448.0
 2021080612995072.0
 2006526713659392.0
 1976144517660672.0
 1925867764711424.0
 1852046940569600.0
 1751934205689856.0
 1624236103827456.0
 1469667075948544.0
 1291408216424448.0
 1095346449022976.0
 889969031774208.0
 685797292376064.0
 494330368229376.0
 326558476664832.0
 191257678708736.0
 93403484258304.0
 33120413810688.0
 5548004081664.0
 1829223530496.0
 11115377459200.0
 23120784130048.0
 30482666356736.0
 30140123840512.0
 23228955230208.0
 13546732650496.0
 5258230104064.0
 876087738368.0
 417753661440.0
 2010040762368.0
 3405338116096.0
 3381574500352.0
 2172437659648.0
 822778396672.0
 145988370432.0
 161238614016.0
 354273918976.0
 328704622592.0
 31026941952.0
 70529687552.0
 253461250048.0
 723126910976.0
 1473926922240.0
 2171229569024.0
 2271837159424.0
 1512805105664.0
 437419409408.0
 444334014464.0
 3105420476416.0
 9040169009152.0
 17050030309376.0
 24184755322880.0
 26938691289088.0
 23154787352576.0
 13810339414016.0
 3876743020544.0
 1836514541568.0
 17982554112000.0
 62060943638528.0
 140990975311872.0
 257289059565568.0
 408533463990272.0
 587868548366336.0
 785285512167424.0
 989289882058752.0
 1188552608055296.0
 1373258616143872.0
 1535983786917888.0
 1672071838957568.0
 1779588963237888.0
 1858957945602048.0
 1912429885784064.0
 1943496323760128.0
 1956333309919232.0
 1955341575127040.0
 1944788169392128.0
 1928569701793792.0
 1910072485609472.0
 1892095899992064.0
 1876847423913984.0
 1865953776238592.0
 1860484403822592.0
 1860981948940288.0
 1867474194661376.0
 1879473125326848.0
 1895958283550720.0
 1915347913408512.0
 1935467150835712.0
 1953526280355840.0
 1966133619982336.0
 1969345181777920.0
 1958804526727168.0
 1929979524808704.0
 1878510113128448.0
 1800682218717184.0
 1693998586527744.0
 1557798999556096.0
 1393842783780864.0
 1206717769580544.0
 1003941022138368.0
 795618062630912.0
 593558172073984.0
 409878191407104.0
 255235276668928.0
 137010782142464.0
 57865574285312.0
 15121791320064.0
 1288885239808.0
 5771499667456.0
 17409940389888.0
 27149186629632.0
 29975658889216.0
 25433691127808.0
 16541156376576.0
 7593291415552.0
 1858965078016.0
 225039155200.0
 1332775616512.0
 2910931648512.0
 3339974868992.0
 2437001248768.0
 1090029682688.0
 238089814016.0
 113433485312.0
 295718780928.0
 325728632832.0
 30560632832.0
 96865730560.0
 325800099840.0
 838110740480.0
 1568790020096.0
 2131785154560.0
 2021718753280.0
 1140987265024.0
 251666923520.0
 854373367808.0
 4351410831360.0
 10913397604352.0
 18805491236864.0
 24773151162368.0
 25525126955008.0
 19734418423808.0
 9662496768000.0
 1649075814400.0
 5189075468288.0
 30880726777856.0
 87918534197248.0
 181897535684608.0
 313509560713216.0
 478372887003136.0
 667893251440640.0
 870811867021312.0
 1075008034045952.0
 1269158541000704.0
 1443986929614848.0
 1592985519128576.0
 1712616061796352.0
 1802096470917120.0
 1862921260892160.0
 1898238240096256.0
 1912227888103424.0
 1909543265107968.0
 1894864543285248.0
 1872583326695424.0
 1846599579860992.0
 1820223246172160.0
 1796138680188928.0
 1776425585606656.0
 1762593643429888.0
 1755628682870784.0
 1756027712176128.0
 1763820393463808.0
 1778566224150528.0
 1799334001639424.0
 1824663168614400.0
 1852516299964416.0
 1880232797667328.0
 1904507013300224.0
 1921409722875904.0
 1926481542381568.0
 1914921503686656.0
 1881905150558208.0
 1823026786074624.0
 1734878487904256.0
 1615699453673472.0
 1466041452462080.0
 1289305024626688.0
 1092012010897408.0
 883653617909760.0
 675980809076736.0
 481723733245952.0
 312835653500928.0
 178540045664256.0
 83606227648512.0
 27340409143296.0
 3700088897536.0
 2684543041536.0
 12765954572288.0
 23720043216896.0
 28967241252864.0
 26608081567744.0
 18779849359360.0
 9647184412672.0
 2958965342208.0
 310986178560.0
 866176925696.0
 2457807355904.0
 3211955011584.0
 2595292971008.0
 1308452454400.0
 342009970688.0
 94400290816.0
 247849680896.0
 315935883264.0
 34837975040.0
 122411876352.0
 384111738880.0
 919843831808.0
 1620032749568.0
 2070257991680.0
 1811547553792.0
 882409209856.0
 197746507776.0
 1295060566016.0
 5398450405376.0
 12312619515904.0
 19924003061760.0
 24834406875136.0
 24036071440384.0
 16938907467776.0
 6823308427264.0
 1019907604480.0
 9655047684096.0
 43363860480000.0
 110718938513408.0
 216148054376448.0
 358872535531520.0
 533028459773952.0
 728790451879936.0
 934098344345600.0
 1136532366819328.0
 1324946273861632.0
 1490620342337536.0
 1627846694928384.0
 1733991711375360.0
 1809166792392704.0
 1855652565614592.0
 1877233299881984.0
 1878549841575936.0
 1864548785061888.0
 1840056465620992.0
 1809496565350400.0
 1776720193519616.0
 1744935422263296.0
 1716708897193984.0
 1693996439044096.0
 1678203441643520.0
 1670241109147648.0
 1670566318702592.0
 1679207121813504.0
 1695766502440960.0
 1719389762093056.0
 1748725865119744.0
 1781862208897024.0
 1816270265647104.0
 1848752834871296.0
 1875444177567744.0
 1891867058765824.0
 1893087097913344.0
 1873997981548544.0
 1829738880434176.0
 1756260043063296.0
 1650992139468800.0
 1513561641713664.0
 1346412386189312.0
 1155205408227328.0
 948811224580096.0
 738753769373696.0
 538039143104512.0
 359440343629824.0
 213477893341184.0
 106509828620288.0
 39438625275904.0
 7498590322688.0
 1367276781568.0
 9456819634176.0
 20809106063360.0
 27704856412160.0
 27088753000448.0
 20296220278784.0
 11246271201280.0
 3952924426240.0
 529745903616.0
 583690420224.0
 2100525662208.0
 3063401938944.0
 2676725121024.0
 1468324642816.0
 435360301056.0
 92792659968.0
 213159018496.0
 304584294400.0
 39901839360.0
 141937410048.0
 424197390336.0
 971030200320.0
 1643799248896.0
 2014625267712.0
 1663911198720.0
 725071364096.0
 207035924480.0
 1651406798848.0
 6140209922048.0
 13224624783360.0
 20555973525504.0
 24685754449920.0
 22854863159296.0
 15014470615040.0
 5141415067648.0
 1198622375936.0
 13662185062400.0
 53094855475200.0
 127556049174528.0
 240619284856832.0
 390488326668288.0
 570318036926464.0
 769509157765120.0
 975540819329024.0
 1175879635959808.0
 1359581158572032.0
 1518364623110144.0
 1647104522977280.0
 1743795913752576.0
 1809150417829888.0
 1845962179870720.0
 1858414229585920.0
 1851425378271232.0
 1830103415783424.0
 1799343262662656.0
 1763559474200576.0
 1726546117132288.0
 1691426303770624.0
 1660669371875328.0
 1636139068817408.0
 1619165626499072.0
 1610601998581760.0
 1610877413359616.0
 1620020861861888.0
 1637661903159296.0
 1663005431431168.0
 1694776646696960.0
 1731161193709568.0
 1769729194721280.0
 1807377938513920.0
 1840306915901440.0
 1864055803346944.0
 1873636801642496.0
 1863786965237760.0
 1829374613520384.0
 1765948818194432.0
 1670417873895424.0
 1541784945557504.0
 1381834323656704.0
 1195603602178048.0
 991479308746752.0
 780744657993728.0
 576497890885632.0
 391976566390784.0
 238512737615872.0
 123513260212224.0
 48983120543744.0
 11091048398848.0
 1076327940096.0
 7420221849600.0
 18755432218624.0
 26632987344896.0
 27203387523072.0
 21204861714432.0
 12320313966592.0
 4688071622656.0
 752140484608.0
 435492225024.0
 1860528242688.0
 2941262495744.0
 2711558291456.0
 1570595143680.0
 503855448064.0
 98090065920.0
 191256379392.0
 295287160832.0
 43090026496.0
 152382423040.0
 444450439168.0
 995414114304.0
 1652416708608.0
 1982611062784.0
 1588561969152.0
 651982602240.0
 226018754560.0
 1847899717632.0
 6521951879168.0
 13670661750784.0
 20834248818688.0
 24553671622656.0
 22212033642496.0
 14045068394496.0
 4380915924992.0
 1487838773248.0
 15993566920704.0
 58394664763392.0
 136464935419904.0
 253329569480704.0
 406674615566336.0
 589168916824064.0
 789842539577344.0
 995968690421760.0
 1194983516274688.0
 1376067256320000.0
 1531180134432768.0
 1655499439210496.0
 1747343154085888.0
 1807720327938048.0
 1839679179587584.0
 1847592388395008.0
 1836508956852224.0
 1811608883953664.0
 1777806686027776.0
 1739508865302528.0
 1700471639113728.0
 1663770606698496.0
 1631820881854464.0
 1606440443707392.0
 1588916037615616.0
 1580071626211328.0
 1580322613362688.0
 1589696647921664.0
 1607839931957248.0
 1633985142718464.0
 1666900295680000.0
 1704820025065472.0
 1745371898314752.0
 1785502864769024.0
 1821453754302464.0
 1848780886376448.0
 1862478073954304.0
 1857216604798976.0
 1827738767851520.0
 1769402374553600.0
 1678860303204352.0
 1554805541568512.0
 1398684822536192.0
 1215211872714752.0
 1012510421417984.0
 801717922824192.0
 595949328007168.0
 408648958345216.0
 251535967649792.0
 132535484940288.0
 54212687822848.0
 13226578280448.0
 1129555820544.0
 6471205519360.0
 17705820225536.0
 26031442362368.0
 27196703899648.0
 21623759437824.0
 12855484088320.0
 5075394625536.0
 886603382784.0
 374921854976.0
 1741351682048.0
 2873763561472.0
 2722887892992.0
 1619955679232.0
 539728445440.0
 102687793152.0
 180799324160.0
 290165293056.0
 43090026496.0
 152382423040.0
 444450439168.0
 995414114304.0
 1652416708608.0
 1982611062784.0
 1588561969152.0
 651982602240.0
 226018754560.0
 1847899717632.0
 6521951879168.0
 13670661750784.0
 20834248818688.0
 24553671622656.0
 22212033642496.0
 14045068394496.0
 4380915924992.0
 1487838773248.0
 15993566920704.0
 58394664763392.0
 136464935419904.0
 253329569480704.0
 406674615566336.0
 589168916824064.0
 789842539577344.0
 995968690421760.0
 1194983516274688.0
 1376067256320000.0
 1531180134432768.0
 1655499439210496.0
 1747343154085888.0
 1807720327938048.0
 1839679179587584.0
 1847592388395008.0
 1836508956852224.0
 1811608883953664.0
 1777806686027776.0
 1739508865302528.0
 1700471639113728.0
 1663770606698496.0
 1631820881854464.0
 1606440443707392.0
 1588916037615616.0
 1580071626211328.0
 1580322613362688.0
 1589696647921664.0
 1607839931957248.0
 1633985142718464.0
 1666900295680000.0
 1704820025065472.0
 1745371898314752.0
 1785502864769024.0
 1821453754302464.0
 1848780886376448.0
 1862478073954304.0
 1857216604798976.0
 1827738767851520.0
 1769402374553600.0
 1678860303204352.0
 1554805541568512.0
 1398684822536192.0
 1215211872714752.0
 1012510421417984.0
 801717922824192.0
 595949328007168.0
 408648958345216.0
 251535967649792.0
 132535484940288.0
 54212687822848.0
 13226578280448.0
 1129555820544.0
 6471205519360.0
 17705820225536.0
 26031442362368.0
 27196703899648.0
 21623759437824.0
 12855484088320.0
 5075394625536.0
 886603382784.0
 374921854976.0
 1741351682048.0
 2873763561472.0
 2722887892992.0
 1619955679232.0
 539728445440.0
 102687793152.0
 180799324160.0
 290165293056.0
 39901839360.0
 141937410048.0
 424197390336.0
 971030200320.0
 1643799248896.0
 2014625267712.0
 1663911198720.0
 725071364096.0
 207035924480.0
 1651406798848.0
 6140209922048.0
 13224624783360.0
 20555973525504.0
 24685754449920.0
 22854863159296.0
 15014470615040.0
 5141415067648.0
 1198622375936.0
 13662185062400.0
 53094855475200.0
 127556049174528.0
 240619284856832.0
 390488326668288.0
 570318036926464.0
 769509157765120.0
 975540819329024.0
 1175879635959808.0
 1359581158572032.0
 1518364623110144.0
 1647104522977280.0
 1743795913752576.0
 1809150417829888.0
 1845962179870720.0
 1858414229585920.0
 1851425378271232.0
 1830103415783424.0
 1799343262662656.0
 1763559474200576.0
 1726546117132288.0
 1691426303770624.0
 1660669371875328.0
 1636139068817408.0
 1619165626499072.0
 1610601998581760.0
 1610877413359616.0
 1620020861861888.0
 1637661903159296.0
 1663005431431168.0
 1694776646696960.0
 1731161193709568.0
 1769729194721280.0
 1807377938513920.0
 1840306915901440.0
 1864055803346944.0
 1873636801642496.0
 1863786965237760.0
 1829374613520384.0
 1765948818194432.0
 1670417873895424.0
 1541784945557504.0
 1381834323656704.0
 1195603602178048.0
 991479308746752.0
 780744657993728.0
 576497890885632.0
 391976566390784.0
 238512737615872.0
 123513260212224.0
 48983120543744.0
 11091048398848.0
 1076327940096.0
 7420221849600.0
 18755432218624.0
 26632987344896.0
 27203387523072.0
 21204861714432.0
 12320313966592.0
 4688071622656.0
 752140484608.0
 435492225024.0
 1860528242688.0
 2941262495744.0
 2711558291456.0
 1570595143680.0
 503855448064.0
 98090065920.0
 191256379392.0
 295287160832.0
 34837975040.0
 122411876352.0
 384111738880.0
 919843831808.0
 1620032749568.0
 2070257991680.0
 1811547553792.0
 882409209856.0
 197746507776.0
 1295060566016.0
 5398450405376.0
 12312619515904.0
 19924003061760.0
 24834406875136.0
 24036071440384.0
 16938907467776.0
 6823308427264.0
 1019907604480.0
 9655047684096.0
 43363860480000.0
 110718938513408.0
 216148054376448.0
 358872535531520.0
 533028459773952.0
 728790451879936.0
 934098344345600.0
 1136532366819328.0
 1324946273861632.0
 1490620342337536.0
 1627846694928384.0
 1733991711375360.0
 1809166792392704.0
 1855652565614592.0
 1877233299881984.0
 1878549841575936.0
 1864548785061888.0
 1840056465620992.0
 1809496565350400.0
 1776720193519616.0
 1744935422263296.0
 1716708897193984.0
 1693996439044096.0
 1678203441643520.0
 1670241109147648.0
 1670566318702592.0
 1679207121813504.0
 1695766502440960.0
 1719389762093056.0
 1748725865119744.0
 1781862208897024.0
 1816270265647104.0
 1848752834871296.0
 1875444177567744.0
 1891867058765824.0
 1893087097913344.0
 1873997981548544.0
 1829738880434176.0
 1756260043063296.0
 1650992139468800.0
 1513561641713664.0
 1346412386189312.0
 1155205408227328.0
 948811224580096.0
 738753769373696.0
 538039143104512.0
 359440343629824.0
 213477893341184.0
 106509828620288.0
 39438625275904.0
 7498590322688.0
 1367276781568.0
 9456819634176.0
 20809106063360.0
 27704856412160.0
 27088753000448.0
 20296220278784.0
 11246271201280.0
 3952924426240.0
 529745903616.0
 583690420224.0
 2100525662208.0
 3063401938944.0
 2676725121024.0
 1468324642816.0
 435360301056.0
 92792659968.0
 213159018496.0
 304584294400.0
 30560632832.0
 96865730560.0
 325800099840.0
 838110740480.0
 1568790020096.0
 2131785154560.0
 2021718753280.0
 1140987265024.0
 251666923520.0
 854373367808.0
 4351410831360.0
 10913397604352.0
 18805491236864.0
 24773151162368.0
 25525126955008.0
 19734418423808.0
 9662496768000.0
 1649075814400.0
 5189075468288.0
 30880726777856.0
 87918534197248.0
 181897535684608.0
 313509560713216.0
 478372887003136.0
 667893251440640.0
 870811867021312.0
 1075008034045952.0
 1269158541000704.0
 1443986929614848.0
 1592985519128576.0
 1712616061796352.0
 1802096470917120.0
 1862921260892160.0
 1898238240096256.0
 1912227888103424.0
 1909543265107968.0
 1894864543285248.0
 1872583326695424.0
 1846599579860992.0
 1820223246172160.0
 1796138680188928.0
 1776425585606656.0
 1762593643429888.0
 1755628682870784.0
 1756027712176128.0
 1763820393463808.0
 1778566224150528.0
 1799334001639424.0
 1824663168614400.0
 1852516299964416.0
 1880232797667328.0
 1904507013300224.0
 1921409722875904.0
 1926481542381568.0
 1914921503686656.0
 1881905150558208.0
 1823026786074624.0
 1734878487904256.0
 1615699453673472.0
 1466041452462080.0
 1289305024626688.0
 1092012010897408.0
 883653617909760.0
 675980809076736.0
 481723733245952.0
 312835653500928.0
 178540045664256.0
 83606227648512.0
 27340409143296.0
 3700088897536.0
 2684543041536.0
 12765954572288.0
 23720043216896.0
 28967241252864.0
 26608081567744.0
 18779849359360.0
 9647184412672.0
 2958965342208.0
 310986178560.0
 866176925696.0
 2457807355904.0
 3211955011584.0
 2595292971008.0
 1308452454400.0
 342009970688.0
 94400290816.0
 247849680896.0
 315935883264.0
 31026941952.0
 70529687552.0
 253461250048.0
 723126910976.0
 1473926922240.0
 2171229569024.0
 2271837159424.0
 1512805105664.0
 437419409408.0
 444334014464.0
 3105420476416.0
 9040169009152.0
 17050030309376.0
 24184755322880.0
 26938691289088.0
 23154787352576.0
 13810339414016.0
 3876743020544.0
 1836514541568.0
 17982554112000.0
 62060943638528.0
 140990975311872.0
 257289059565568.0
 408533463990272.0
 587868548366336.0
 785285512167424.0
 989289882058752.0
 1188552608055296.0
 1373258616143872.0
 1535983786917888.0
 1672071838957568.0
 1779588963237888.0
 1858957945602048.0
 1912429885784064.0
 1943496323760128.0
 1956333309919232.0
 1955341575127040.0
 1944788169392128.0
 1928569701793792.0
 1910072485609472.0
 1892095899992064.0
 1876847423913984.0
 1865953776238592.0
 1860484403822592.0
 1860981948940288.0
 1867474194661376.0
 1879473125326848.0
 1895958283550720.0
 1915347913408512.0
 1935467150835712.0
 1953526280355840.0
 1966133619982336.0
 1969345181777920.0
 1958804526727168.0
 1929979524808704.0
 1878510113128448.0
 1800682218717184.0
 1693998586527744.0
 1557798999556096.0
 1393842783780864.0
 1206717769580544.0
 1003941022138368.0
 795618062630912.0
 593558172073984.0
 409878191407104.0
 255235276668928.0
 137010782142464.0
 57865574285312.0
 15121791320064.0
 1288885239808.0
 5771499667456.0
 17409940389888.0
 27149186629632.0
 29975658889216.0
 25433691127808.0
 16541156376576.0
 7593291415552.0
 1858965078016.0
 225039155200.0
 1332775616512.0
 2910931648512.0
 3339974868992.0
 2437001248768.0
 1090029682688.0
 238089814016.0
 113433485312.0
 295718780928.0
 325728632832.0
 41051631616.0
 51064684544.0
 175549513728.0
 576731938816.0
 1319784284160.0
 2151486193664.0
 2519868375040.0
 1989215780864.0
 820089389056.0
 211195002880.0
 1835139989504.0
 6788040097792.0
 14555796209664.0
 22714895040512.0
 27739876753408.0
 26698481401856.0
 19131390754816.0
 8291699130368.0
 1187372990464.0
 7361160282112.0
 36810147233792.0
 97706353623040.0
 194570507780096.0
 327330429927424.0
 491386134593536.0
 678526449614848.0
 878366110515200.0
 1079927919083520.0
 1273055821168640.0
 1449449188491264.0
 1603239350894592.0
 1731138913566720.0
 1832251167866880.0
 1907650392489984.0
 1959869410181120.0
 1992370904104960.0
 2009073629265920.0
 2013968012935168.0
 2010834297421824.0
 2003054232600576.0
 1993495648665600.0
 1984465882578944.0
 1977689900580864.0
 1974317277511680.0
 1974931592052736.0
 1979558882443264.0
 1987663351513088.0
 1998138239877120.0
 2009290256678912.0
 2018835418841088.0
 2023901466984448.0
 2021080612995072.0
 2006526713659392.0
 1976144517660672.0
 1925867764711424.0
 1852046940569600.0
 1751934205689856.0
 1624236103827456.0
 1469667075948544.0
 1291408216424448.0
 1095346449022976.0
 889969031774208.0
 685797292376064.0
 494330368229376.0
 326558476664832.0
 191257678708736.0
 93403484258304.0
 33120413810688.0
 5548004081664.0
 1829223530496.0
 11115377459200.0
 23120784130048.0
 30482666356736.0
 30140123840512.0
 23228955230208.0
 13546732650496.0
 5258230104064.0
 876087738368.0
 417753661440.0
 2010040762368.0
 3405338116096.0
 3381574500352.0
 2172437659648.0
 822778396672.0
 145988370432.0
 161238614016.0
 354273918976.0
 328704622592.0
 65166004224.0
 47994748928.0
 105941114880.0
 409589579776.0
 1098082746368.0
 2032042639360.0
 2701319208960.0
 2523581644800.0
 1432305008640.0
 306866225152.0
 784065298432.0
 4378827685888.0
 11357735878656.0
 20074966548480.0
 27302291308544.0
 29572393336832.0
 25020115976192.0
 14939319173120.0
 4386353577984.0
 1560151457792.0
 16157089202176.0
 57236869087232.0
 131234671886336.0
 240629216968704.0
 383517393420288.0
 554068229488640.0
 743623322763264.0
 942110874271744.0
 1139452407709696.0
 1326719692701696.0
 1496912737861632.0
 1645321977331712.0
 1769546524393472.0
 1869236204994560.0
 1945683133202432.0
 2001352351809536.0
 2039422136614912.0
 2063380537933824.0
 2076706747711488.0
 2082634876321792.0
 2083994770341888.0
 2083117120618496.0
 2081777359257600.0
 2081172708392960.0
 2081912784945152.0
 2084019734839296.0
 2086919106199552.0
 2089446962888704.0
 2089846260629504.0
 2085792348372992.0
 2074435783753728.0
 2052491990532096.0
 2016400172384256.0
 1962551885692928.0
 1887614235836416.0
 1788941388742656.0
 1665049835864064.0
 1516119026302976.0
 1344436432797696.0
 1154693501812736.0
 954009208750080.0
 751589010702336.0
 557938867437568.0
 383663153872896.0
 237963451564032.0
 127098660323328.0
 53153739309056.0
 13490433556480.0
 1162884808704.0
 6356179877888.0
 18590723997696.0
 29125439913984.0
 32821533999104.0
 28820316880896.0
 19773953933312.0
 9939089096704.0
 2953848291328.0
 285781426176.0
 1010021367808.0
 2866850562048.0
 3841971978240.0
 3260220964864.0
 1786708623360.0
 534690856960.0
 95370436608.0
 245910142976.0
 415985827840.0
 318440865792.0
 105557671936.0
 70625312768.0
 63299948544.0
 244592918528.0
 817351032832.0
 1781428518912.0
 2735718268928.0
 3019459264512.0
 2238723915776.0
 840338440192.0
 231064780800.0
 2177637679104.0
 7715991584768.0
 16191656558592.0
 25069728301056.0
 30779969110016.0
 30330098548736.0
 23030835183616.0
 11613689085952.0
 2283441750016.0
 3670520102912.0
 25035139973120.0
 74281442607104.0
 156327582105600.0
 272196337401856.0
 418941243490304.0
 590299164311552.0
 777811396657152.0
 972118535700480.0
 1164163904700416.0
 1346126905081856.0
 1512011024302080.0
 1657876300955648.0
 1781785436356608.0
 1883546767589376.0
 1964340873789440.0
 2026306648670208.0
 2072147371491328.0
 2104787780763648.0
 2127104699269120.0
 2141718191276032.0
 2150849291747328.0
 2156231825293312.0
 2159048384315392.0
 2159904961855488.0
 2158815516557312.0
 2155195664433152.0
 2147879456079872.0
 2135135214370816.0
 2114726469304320.0
 2083993562382336.0
 2039994441007104.0
 1979703569154048.0
 1900292442423296.0
 1799471037939712.0
 1675901070737408.0
 1529628577497088.0
 1362484422246400.0
 1178381857062912.0
 983401683222528.0
 785580791169024.0
 594326568566784.0
 419454726963200.0
 269914065600512.0
 152391848558592.0
 70073419038720.0
 21891939041280.0
 2561929117696.0
 3543497441280.0
 14832095985664.0
 27177370255360.0
 34109703323648.0
 33115013644288.0
 25522845253632.0
 15131200192512.0
 6116376313856.0
 1121484537856.0
 355606298624.0
 2035077349376.0
 3782546817024.0
 4080830251008.0
 2910139187200.0
 1297530486784.0
 276190789632.0
 117514092544.0
 366233518080.0
 466925944832.0
 288968802304.0
 159326519296.0
 124056510464.0
 67167739904.0
 116738957312.0
 511527813120.0
 1396192575488.0
 2547571490816.0
 3335862091776.0
 3106911027200.0
 1811003211776.0
 410186514432.0
 647808090112.0
 4159150751744.0
 11365845565440.0
 20807405273088.0
 29383345569792.0
 33525212381184.0
 30857416933376.0
 21673831038976.0
 9642930339840.0
 1474808905728.0
 5671057096704.0
 30767719645184.0
 83587118399488.0
 167937851785216.0
 284011020681216.0
 428502847324160.0
 595319846862848.0
 776623838199808.0
 963963466547200.0
 1149286003769344.0
 1325696014090240.0
 1487909412667392.0
 1632418687614976.0
 1757419952668672.0
 1862583703306240.0
 1948726117531648.0
 2017465995362304.0
 2070880490356736.0
 2111219762724864.0
 2140662166192128.0
 2161140436041728.0
 2174201028935680.0
 2180923055407104.0
 2181860968890368.0
 2177018259046400.0
 2165843156795392.0
 2147254001467392.0
 2119682861563904.0
 2081164655329280.0
 2029463583850496.0
 1962247479885824.0
 1877334097395712.0
 1772986122108928.0
 1648257855913984.0
 1503362704998400.0
 1340020535328768.0
 1161719531438080.0
 973813437169664.0
 783377338728448.0
 598757498421248.0
 428791079895040.0
 281743579938816.0
 164093503733760.0
 79388787867648.0
 27450891304960.0
 4201832251392.0
 2291940196352.0
 12514963226624.0
 25748056309760.0
 34923941462016.0
 36435813990400.0
 30480795697152.0
 20181797568512.0
 9797733711872.0
 2741079375872.0
 245144633344.0
 1237563736064.0
 3370048290816.0
 4537516556288.0
 3971509911552.0
 2312016756736.0
 771366780928.0
 115380879360.0
 233202286592.0
 505136119808.0
 487896449024.0
 237817659392.0
 216152686592.0
 203877351424.0
 129934598144.0
 66045337600.0
 242110201856.0
 920642977792.0
 2102811033600.0
 3321378635776.0
 3807193333760.0
 3047203012608.0
 1390550319104.0
 218649542656.0
 1420342591488.0
 6358391324672.0
 14874863206400.0
 24923839922176.0
 33124685709312.0
 36079621111808.0
 31943190118400.0
 21628589178880.0
 9202570362880.0
 1343351029760.0
 6061264207872.0
 31087763914752.0
 82377942499328.0
 163070546542592.0
 273072644947968.0
 409255152713728.0
 566114002141184.0
 736685004423168.0
 913505519665152.0
 1089459122601984.0
 1258397366222848.0
 1415514383450112.0
 1557481440411648.0
 1682388081967104.0
 1789548321308672.0
 1879243881447424.0
 1952423279067136.0
 2010429362536448.0
 2054742956048384.0
 2086783009423360.0
 2107743792005120.0
 2118479868067840.0
 2119433485025280.0
 2110595918725120.0
 2091506399707136.0
 2061283788587008.0
 2018695295533056.0
 1962269088940032.0
 1890455088267264.0
 1801825216888832.0
 1695333113397248.0
 1570602297065472.0
 1428228426170368.0
 1270067060801536.0
 1099442706972672.0
 921231696068608.0
 741740113821696.0
 568336312172544.0
 408808979431424.0
 270482309906432.0
 159188802076672.0
 78272817790976.0
 27851808047104.0
 4572572024832.0
 2036259356672.0
 11923269615616.0
 25645939687424.0
 36147594002432.0
 39336695300096.0
 34675313606656.0
 24673226063872.0
 13426596249600.0
 4742801522688.0
 612418519040.0
 671367233536.0
 2836511326208.0
 4698498138112.0
 4852424376320.0
 3416477663232.0
 1532911943680.0
 325504434176.0
 118253412352.0
 435683295232.0
 626695077888.0
 459957338112.0
 169980674048.0
 258430910464.0
 291895181312.0
 246107553792.0
 121647808512.0
 86319251456.0
 455558529024.0
 1450395303936.0
 2880723222528.0
 4066434613248.0
 4193061961728.0
 2958308147200.0
 1076627374080.0
 219354595328.0
 2292138115072.0
 8372000653312.0
 17868345311232.0
 28392715976704.0
 36483318677504.0
 38931852689408.0
 34200656805888.0
 23402911891456.0
 10511591669760.0
 1757010853888.0
 4434169954304.0
 25485306232832.0
 70228734115840.0
 141503250825216.0
 239345223073792.0
 361171416776704.0
 502337361674240.0
 656901557714944.0
 818418567610368.0
 980642166734848.0
 1138047148097536.0
 1286151713325056.0
 1421648133619712.0
 1542370403287040.0
 1647161028640768.0
 1735660574605312.0
 1808081373626368.0
 1864979623968768.0
 1907050036592640.0
 1934960344694784.0
 1949220307206144.0
 1950097285840896.0
 1937571147939840.0
 1911333863817216.0
 1870830308950016.0
 1815337049784320.0
 1744097635205120.0
 1656483255156736.0
 1552207489007616.0
 1431555817865216.0
 1295628558663680.0
 1146560578584576.0
 987676652077056.0
 823532867026944.0
 659800459313152.0
 502943992250368.0
 359681163788288.0
 236248836866048.0
 137553088872448.0
 66343437074432.0
 22589793632256.0
 3261203218432.0
 2654626381824.0
 13317707923456.0
 27446208364544.0
 38460027043840.0
 42335261949952.0
 38263481958400.0
 28369208999936.0
 16524701073408.0
 6659626762240.0
 1214182588416.0
 370758516736.0
 2373567119360.0
 4720535011328.0
 5556196081664.0
 4493397196800.0
 2453541486592.0
 746972643328.0
 100894957568.0
 313533956096.0
 676040015872.0
 682301259776.0
 374825025536.0
 100822679552.0
 266201645056.0
 357016829952.0
 383959171072.0
 280048566272.0
 106797056000.0
 139650973696.0
 745236463616.0
 2055484473344.0
 3684428939264.0
 4792368234496.0
 4580708974592.0
 2956223840256.0
 911856173056.0
 292304945152.0
 2970365722624.0
 9821104373760.0
 20022833446912.0
 31068669345792.0
 39538588123136.0
 42348146851840.0
 38004219445248.0
 27427065561088.0
 14085551816704.0
 3443938033664.0
 1925212274688.0
 15701823717376.0
 49617265754112.0
 106453180350464.0
 186633055895552.0
 288339945062400.0
 407944214609920.0
 540605285400576.0
 680912236838912.0
 823460389453824.0
 963295867568128.0
 1096205039828992.0
 1218850783756288.0
 1328783961358336.0
 1424358660636672.0
 1504592005169152.0
 1568997724127232.0
 1617415158890496.0
 1649862831505408.0
 1666413353762816.0
 1667111017512960.0
 1651928710774784.0
 1620765099163648.0
 1573489454612480.0
 1510021514919936.0
 1430460332769280.0
 1335233123188736.0
 1225271625646080.0
 1102186788421632.0
 968421239947264.0
 827343845195776.0
 683249235918848.0
 541225706848256.0
 406865271848960.0
 285800981856256.0
 183102760550400.0
 102592893943808.0
 46194340397056.0
 13455049359360.0
 1403466153984.0
 4853613461504.0
 17195527569408.0
 31578187104256.0
 42249412935680.0
 45708698714112.0
 41311377817600.0
 31077383012352.0
 18700216303616.0
 8055238426624.0
 1745037688832.0
 259297886208.0
 2098877825024.0
 4777244622848.0
 6170862419968.0
 5498723106816.0
 3424987119616.0
 1314783232000.0
 204210143232.0
 199105167360.0
 654024900608.0
 864365051904.0
 630369353728.0
 247012769792.0
 54550392832.0
 227594223616.0
 365485654016.0
 488041676800.0
 488477786112.0
 309069479936.0
 94345691136.0
 220239855616.0
 1073339039744.0
 2680463556608.0
 4486478692352.0
 5540659855360.0
 5074623397888.0
 3145966551040.0
 916432617472.0
 316943269888.0
 3199926534144.0
 10376688173056.0
 21011990839296.0
 32681305833472.0
 42095129657344.0
 46218159849472.0
 43376388866048.0
 33984736133120.0
 20692753973248.0
 7951963652096.0
 1173675048960.0
 5729154498560.0
 26037406662656.0
 64916354498560.0
 123277506772992.0
 200153680052224.0
 292986864795648.0
 398071728963584.0
 511051514773504.0
 627383858102272.0
 742717621534720.0
 853157202624512.0
 955413528838144.0
 1046854187876352.0
 1125476517019648.0
 1189832910962688.0
 1238930158518272.0
 1272125155442688.0
 1289037662912512.0
 1289476420665344.0
 1273412840325120.0
 1240975099822080.0
 1192488006057984.0
 1128539030028288.0
 1050074473824256.0
 958507784339456.0
 855824847077376.0
 744667402469376.0
 628366264762368.0
 510898372345856.0
 396733947314176.0
 290569402187776.0
 196932202921984.0
 119691762728960.0
 61528908759040.0
 23453937696768.0
 4487029194752.0
 1615227387904.0
 10112794099712.0
 24242387156992.0
 38254682308608.0
 47493001773056.0
 49325488996352.0
 43613119578112.0
 32511799328768.0
 19600322330624.0
 8572653010944.0
 1939725877248.0
 238847672320.0
 2082725560320.0
 5024373538816.0
 6819216883712.0
 6445865107456.0
 4365784711168.0
 1935332605952.0
 397001097216.0
 126531035136.0
 600822251520.0
 1001662906368.0
 900286840832.0
 466305122304.0
 119421853696.0
 54961008640.0
 151097016320.0
 300440748032.0
 500025688064.0
 650545725440.0
 609362968576.0
 344378146816.0
 88692080640.0
 304089169920.0
 1383558021120.0
 3264632324096.0
 5266712559616.0
 6359259021312.0
 5776837443584.0
 3633084366848.0
 1140988706816.0
 250888765440.0
 2835416875008.0
 9793655799808.0
 20487673479168.0
 32766116757504.0
 43571239452672.0
 49897810165760.0
 49763852484608.0
 42887232356352.0
 30892223365120.0
 17036918915072.0
 5583960801280.0
 1008974626816.0
 7241606889472.0
 27086259486720.0
 61897927819264.0
 111519354322944.0
 174433973043200.0
 248062630952960.0
 329126061801472.0
 414007164928000.0
 499065301237760.0
 580877952221184.0
 656401462460416.0
 723058885132288.0
 778766490009600.0
 821922925379584.0
 851372643713024.0
 866365971890176.0
 866524684353536.0
 851823749496832.0
 822593208713216.0
 779539315687424.0
 723782385795072.0
 656902832783360.0
 580979957694464.0
 498609061625856.0
 412878393835520.0
 327282312871936.0
 245559688429568.0
 171442494767104.0
 108328554332160.0
 58896815226880.0
 24719852044288.0
 5940766048256.0
 1101161037824.0
 7200807321600.0
 20042563452928.0
 34860339036160.0
 47150327136256.0
 53543276904448.0
 52496525426688.0
 44582305792000.0
 32224799883264.0
 18896568451072.0
 7979809112064.0
 1662410555392.0
 282726957056.0
 2402507816960.0
 5597390962688.0
 7617915125760.0
 7368001716224.0
 5216571228160.0
 2509899825152.0
 613833572352.0
 97166630912.0
 555981996032.0
 1117183803392.0
 1168710959104.0
 732591095808.0
 246451634176.0
 51536306176.0
 109178298368.0
 70606077952.0
 182108667904.0
 395487870976.0
 667349745664.0
 846786985984.0
 759657922560.0
 403315032064.0
 90532020224.0
 356235542528.0
 1608436285440.0
 3737334054912.0
 5989389041664.0
 7271327203328.0
 6768210477056.0
 4535910137856.0
 1714412060672.0
 204239503360.0
 1926930366464.0
 7995966095360.0
 18156212977664.0
 30718379950080.0
 43001778798592.0
 52109546356736.0
 55764374781952.0
 52948851752960.0
 44191396659200.0
 31464739569664.0
 17773350617088.0
 6569031368704.0
 1145232293888.0
 4132036149248.0
 17165199605760.0
 40749819232256.0
 74298127548416.0
 116297018900480.0
 164549424578560.0
 216440951013376.0
 269192292990976.0
 320072069414912.0
 366560426328064.0
 406462618664960.0
 437978048495616.0
 459738198310912.0
 470821931843584.0
 470761936519168.0
 459544689901568.0
 437613378928640.0
 405870349385728.0
 365675327520768.0
 318834816843776.0
 267564886261760.0
 214425319505920.0
 162204103999488.0
 113750212345856.0
 71751933362176.0
 38472094056448.0
 15465066790912.0
 3317291286528.0
 1464620285952.0
 8146902843392.0
 20550655148032.0
 35164845506560.0
 48329853501440.0
 56900439769088.0
 58887684227072.0
 53908063911936.0
 43279659827200.0
 29674927292416.0
 16366943862784.0
 6257761583104.0
 996204347392.0
 513989672960.0
 3190448717824.0
 6615285628928.0
 8644383997952.0
 8274255020032.0
 5915755937792.0
 2940869279744.0
 777033547776.0
 91627110400.0
 550413074432.0
 1247867174912.0
 1441175830528.0
 1023639420928.0
 419124838400.0
 79527755776.0
 85814878208.0
 192941244416.0
 32861648896.0
 70863986688.0
 216628707328.0
 504936300544.0
 861584556032.0
 1082410926080.0
 960353533952.0
 510608146432.0
 105226362880.0
 344103223296.0
 1677381599232.0
 4009311862784.0
 6575734390784.0
 8237891977216.0
 8075961958400.0
 5971403866112.0
 2857949462528.0
 490013884416.0
 816900603904.0
 5229840433152.0
 13988872060928.0
 26040395104256.0
 39269372526592.0
 51071124766720.0
 59038779834368.0
 61556406616064.0
 58151177027584.0
 49549477412864.0
 37469407936512.0
 24238926856192.0
 12349166583808.0
 4040967061504.0
 992859979776.0
 4141755400192.0
 13635845881856.0
 28896995049472.0
 48758540730368.0
 71643644821504.0
 95752990752768.0
 119240380121088.0
 140363331272704.0
 157601593556992.0
 169746100125696.0
 175959391076352.0
 175813496406016.0
 169308600664064.0
 156874603233280.0
 139355507130368.0
 117974312681472.0
 94273668120576.0
 70027541741568.0
 47119729688576.0
 27389627203584.0
 12448716292096.0
 3483379957760.0
 1065634889728.0
 5005148946432.0
 14280750530560.0
 27089069670400.0
 41036583796736.0
 53477287919616.0
 61963048583168.0
 64731909980160.0
 61124879843328.0
 51806222680064.0
 38684208398336.0
 24494343192576.0
 12108550897664.0
 3744690601984.0
 327190151168.0
 1244983197696.0
 4639968198656.0
 8160198262784.0
 9897221554176.0
 9106256560128.0
 6371291430912.0
 3130577387520.0
 816540024832.0
 91113406464.0
 612247273472.0
 1435651801088.0
 1736375402496.0
 1324870270976.0
 612385423360.0
 131236659200.0
 68079288320.0
 206732345344.0
 253176233984.0
 66105483264.0
 37575491584.0
 67486396416.0
 244915781632.0
 613626937344.0
 1071366995968.0
 1362375737344.0
 1237210497024.0
 702081794048.0
 156688809984.0
 257266860032.0
 1531848425472.0
 3972848156672.0
 6883194699776.0
 9115896119296.0
 9614789705728.0
 7988618199040.0
 4827725168640.0
 1604539514880.0
 197668831232.0
 2239702237184.0
 8543986515968.0
 18808848777216.0
 31674729496576.0
 45081067257856.0
 56783359967232.0
 64868136779776.0
 68133557633024.0
 66266098302976.0
 59808522698752.0
 49965678198784.0
 38318708359168.0
 26521796345856.0
 16039729430528.0
 7962125402112.0
 2907225456640.0
 1009634246656.0
 1974653026304.0
 5177277415424.0
 9783863148544.0
 14878133714944.0
 19578048479232.0
 23134765842432.0
 25009015750656.0
 24922619379712.0
 22884722409472.0
 19192310923264.0
 14404759322624.0
 9292521406464.0
 4759749132288.0
 1743069904896.0
 1090842918912.0
 3431974043648.0
 9048284987392.0
 17770060185600.0
 28918247587840.0
 41317761548288.0
 53401157107712.0
 63409559175168.0
 69677988446208.0
 70966105341952.0
 66769012129792.0
 57526305423360.0
 44646956793856.0
 30298085523456.0
 16961780056064.0
 6842417152000.0
 1280763625472.0
 368911515648.0
 2931827933184.0
 6933944205312.0
 10207122948096.0
 11240069922816.0
 9700842143744.0
 6445083918336.0
 2987880087552.0
 692690419712.0
 102601744384.0
 779695554560.0
 1723437678592.0
 2074537099264.0
 1623852580864.0
 796963241984.0
 187656880128.0
 59094806528.0
 221735747584.0
 328410398720.0
 239168929792.0
 148690796544.0
 108213796864.0
 51056746496.0
 58357993472.0
 253397565440.0
 698146291712.0
 1274866040832.0
 1682252234752.0
 1613395001344.0
 1026092302336.0
 302119288832.0
 133920112640.0
 1156388618240.0
 3526516015104.0
 6710462251008.0
 9628540731392.0
 11109392187392.0
 10439433912320.0
 7749186879488.0
 4065918189568.0
 1018325172224.0
 322158002176.0
 3245520191488.0
 10234216054784.0
 20797133422592.0
 33652232683520.0
 47055640723456.0
 59199031607296.0
 68566321725440.0
 74174403969024.0
 75668549271552.0
 73283785457664.0
 67708733358080.0
 59901074210816.0
 50899368017920.0
 41664370442240.0
 32969620193280.0
 25346149711872.0
 19076837539840.0
 14229125988352.0
 10712138121216.0
 8345102057472.0
 6924952141824.0
 6284323586048.0
 6333379117056.0
 7081367175168.0
 8636046245888.0
 11180664946688.0
 14930490163200.0
 20072561115136.0
 26695352451072.0
 34717539762176.0
 43828434173952.0
 53454290550784.0
 62765469270016.0
 70736836296704.0
 76266866737152.0
 78350303363072.0
 76283216134144.0
 69863611564032.0
 59537570660352.0
 46435848421376.0
 32258918449152.0
 18997162541056.0
 8521817522176.0
 2133845868544.0
 200854142976.0
 2017512783872.0
 5980187262976.0
 10068504346624.0
 12502206251008.0
 12341422850048.0
 9778729320448.0
 5971496140800.0
 2459817213952.0
 429143982080.0
 183870128128.0
 1111535386624.0
 2149797199872.0
 2463420645376.0
 1899467898880.0
 938916773888.0
 224704331776.0
 57379176448.0
 251159969792.0
 414715478016.0
 344570396672.0
 150004875264.0
